Cruise data/ship_ctd/BN1-Lysakerfjorden_280923_tokt2.cnv
* Sea-Bird SBE 9 Data File:
* FileName = C:\CTD Brukere\UiO Kurs\Geo2320 2023\BN1-Lysakerfjorden_280923_tokt2.hex
* Software Version Seasave V 7.26.7.121
* Temperature SN = 5352
* Conductivity SN = 3840
* Number of Bytes Per Scan = 31
* Number of Voltage Words = 5
* Number of Scans Averaged by the Deck Unit = 1
* NMEA baud rate = 4800
** Ship: R/V Trygve Braarud
** Cruise:
** Station:
** Operator:
# nquan = 15
# nvalues = 4217                                  
# units = specified
# name 0 = depSM: Depth [salt water, m], lat = 59.90
# name 1 = t090C: Temperature [ITS-90, deg C]
# name 2 = sal00: Salinity, Practical [PSU]
# name 3 = sigma-t00: Density [sigma-t, kg/m^3 ]
# name 4 = flSP: Fluorescence, Seapoint
# name 5 = seaTurbMtr: Turbidity, Seapoint [FTU]
# name 6 = svCM: Sound Velocity [Chen-Millero, m/s]
# name 7 = sbeox0PS: Oxygen, SBE 43 [% saturation]
# name 8 = sbeox0Mg/L: Oxygen, SBE 43 [mg/l]
# name 9 = timeJ: Julian Days
# name 10 = oxsatML/L: Oxygen Saturation, Weiss [ml/l]
# name 11 = prDM: Pressure, Digiquartz [db]
# name 12 = wetStar: Fluorescence, WET Labs WETstar [mg/m^3]
# name 13 = c0mS/cm: Conductivity [mS/cm]
# name 14 = flag:  0.000e+00
# span 0 =      0.628,     81.108                 
# span 1 =     8.4364,    15.5644                 
# span 2 =    14.9030,    32.9759                 
# span 3 =    10.4436,    25.6198                 
# span 4 = 8.5470e-02, 1.3529e+01                 
# span 5 =      1.758,     27.663                 
# span 6 =    1482.59,    1495.20                 
# span 7 =     25.241,     86.407                 
# span 8 =     2.3685,     7.8648                 
# span 9 = 271.541343, 271.543376                 
# span 10 =    6.05325,    6.62800                
# span 11 =      0.634,     81.895                
# span 12 =     1.3178,     5.2861                
# span 13 =  20.019184,  34.909380                
# span 14 = 0.0000e+00, 0.0000e+00                
# interval = seconds: 0.0416667
# start_time = Sep 28 2023 12:59:32 [System UTC, first data scan.]
# bad_flag = -9.990e-29
*END*
[from data line 3760]
     77.860     8.4418    32.9711    25.6153 9.7680e-02      2.198    1482.92     26.881     2.5437 271.543156    6.62734     78.615     1.3484  34.743237  0.000e+00
     77.878     8.4423    32.9705    25.6147 9.7680e-02      2.183    1482.92     26.886     2.5441 271.543156    6.62729     78.633     1.3484  34.743053  0.000e+00
     77.907     8.4426    32.9706    25.6147 8.5470e-02      2.176    1482.92     26.889     2.5444 271.543157    6.62724     78.663     1.3484  34.743422  0.000e+00
     77.926     8.4426    32.9703    25.6145 9.7680e-02      2.183    1482.92     26.892     2.5447 271.543157    6.62725     78.682     1.3484  34.743176  0.000e+00
     77.943     8.4427    32.9699    25.6142 9.7680e-02      2.212    1482.92     26.894     2.5449 271.543158    6.62725     78.699     1.3484  34.742930  0.000e+00
     77.974     8.4416    32.9717    25.6158 9.7680e-02      2.242    1482.92     26.895     2.5450 271.543158    6.62733     78.730     1.3484  34.743729  0.000e+00
     77.992     8.4408    32.9722    25.6163 9.7680e-02      2.256    1482.92     26.895     2.5451 271.543159    6.62744     78.748     1.3484  34.743422  0.000e+00
     78.003     8.4399    32.9733    25.6173 9.7680e-02      2.256    1482.92     26.894     2.5450 271.543159    6.62754     78.760     1.3484  34.743606  0.000e+00
     78.022     8.4397    32.9736    25.6175 9.7680e-02      2.242    1482.92     26.893     2.5449 271.543160    6.62754     78.780     1.3484  34.743791  0.000e+00
     78.052     8.4399    32.9736    25.6175 9.7680e-02      2.227    1482.92     26.890     2.5446 271.543160    6.62752     78.809     1.3789  34.743975  0.000e+00
     78.083     8.4404    32.9728    25.6168 9.7680e-02      2.220    1482.92     26.887     2.5443 271.543161    6.62748     78.840     1.3789  34.743668  0.000e+00
     78.088     8.4405    32.9729    25.6169 9.7680e-02      2.212    1482.92     26.882     2.5439 271.543161    6.62745     78.845     1.3484  34.743914  0.000e+00
     78.119     8.4410    32.9722    25.6163 9.7680e-02      2.190    1482.92     26.877     2.5433 271.543162    6.62741     78.877     1.3484  34.743668  0.000e+00
     78.125     8.4414    32.9715    25.6157 9.7680e-02      2.183    1482.92     26.882     2.5438 271.543162    6.62737     78.883     1.3484  34.743422  0.000e+00
     78.156     8.4424    32.9706    25.6148 9.7680e-02      2.183    1482.92     26.875     2.5431 271.543163    6.62726     78.914     1.3484  34.743484  0.000e+00
     78.161     8.4429    32.9699    25.6141 9.7680e-02      2.183    1482.93     26.879     2.5434 271.543163    6.62722     78.919     1.3484  34.743177  0.000e+00
     78.197     8.4434    32.9694    25.6137 9.7680e-02      2.176    1482.93     26.882     2.5437 271.543164    6.62717     78.956     1.3484  34.743177  0.000e+00
     78.192     8.4437    32.9693    25.6136 9.7680e-02      2.176    1482.93     26.874     2.5429 271.543164    6.62712     78.951     1.3484  34.743361  0.000e+00
     78.210     8.4439    32.9693    25.6135 9.7680e-02      2.198    1482.93     26.875     2.5431 271.543165    6.62710     78.969     1.3484  34.743484  0.000e+00
     78.216     8.4439    32.9692    25.6135 9.7680e-02      2.234    1482.93     26.866     2.5422 271.543165    6.62710     78.975     1.3484  34.743422  0.000e+00
     78.221     8.4439    32.9690    25.6133 9.7680e-02      2.256    1482.93     26.855     2.5412 271.543166    6.62711     78.980     1.3484  34.743238  0.000e+00
     78.252     8.4437    32.9695    25.6137 9.7680e-02      2.249    1482.93     26.844     2.5401 271.543166    6.62711     79.011     1.3484  34.743607  0.000e+00
     78.246     8.4436    32.9696    25.6138 9.7680e-02      2.227    1482.93     26.843     2.5400 271.543166    6.62713     79.005     1.3484  34.743545  0.000e+00
     78.270     8.4431    32.9704    25.6146 9.7680e-02      2.205    1482.93     26.841     2.5399 271.543167    6.62717     79.030     1.3484  34.743914  0.000e+00
     78.288     8.4434    32.9701    25.6142 9.7680e-02      2.190    1482.93     26.839     2.5397 271.543167    6.62714     79.048     1.3789  34.743853  0.000e+00
     78.293     8.4436    32.9700    25.6142 9.7680e-02      2.205    1482.93     26.837     2.5394 271.543168    6.62711     79.053     1.3484  34.743975  0.000e+00
     78.288     8.4436    32.9702    25.6143 9.7680e-02      2.286    1482.93     26.833     2.5391 271.543168    6.62711     79.048     1.3789  34.744098  0.000e+00
     78.293     8.4432    32.9700    25.6142 9.7680e-02      2.344    1482.93     26.830     2.5388 271.543169    6.62717     79.053     1.3789  34.743607  0.000e+00
     78.288     8.4436    32.9695    25.6138 9.7680e-02      2.322    1482.93     26.826     2.5384 271.543169    6.62713     79.048     1.3789  34.743484  0.000e+00
     78.281     8.4432    32.9698    25.6140 9.7680e-02      2.293    1482.93     26.822     2.5380 271.543170    6.62718     79.041     1.3789  34.743423  0.000e+00
     78.293     8.4429    32.9699    25.6141 9.7680e-02      2.271    1482.93     26.817     2.5376 271.543170    6.62722     79.053     1.3789  34.743239  0.000e+00
     78.312     8.4431    32.9701    25.6143 1.0989e-01      2.271    1482.93     26.812     2.5371 271.543171    6.62718     79.072     1.3789  34.743607  0.000e+00
     78.317     8.4427    32.9704    25.6146 1.0989e-01      2.256    1482.93     26.806     2.5366 271.543171    6.62723     79.077     1.3789  34.743546  0.000e+00
     78.324     8.4431    32.9699    25.6141 1.0989e-01      2.242    1482.93     26.800     2.5360 271.543172    6.62719     79.084     1.3789  34.743423  0.000e+00
     78.342     8.4434    32.9702    25.6143 1.0989e-01      2.242    1482.93     26.793     2.5353 271.543172    6.62714     79.102     1.3789  34.743976  0.000e+00
     78.337     8.4439    32.9701    25.6141 1.0989e-01      2.256    1482.93     26.786     2.5346 271.543173    6.62707     79.097     1.3789  34.744283  0.000e+00
     78.342     8.4440    32.9698    25.6139 9.7680e-02      2.249    1482.93     26.779     2.5339 271.543173    6.62706     79.102     1.3789  34.744160  0.000e+00
     78.330     8.4440    32.9697    25.6138 9.7680e-02      2.234    1482.93     26.771     2.5332 271.543174    6.62706     79.090     1.3789  34.744037  0.000e+00
     78.348     8.4437    32.9700    25.6141 9.7680e-02      2.220    1482.93     26.763     2.5324 271.543174    6.62709     79.108     1.3789  34.744098  0.000e+00
     78.330     8.4434    32.9700    25.6142 9.7680e-02      2.212    1482.93     26.754     2.5316 271.543175    6.62714     79.090     1.3484  34.743791  0.000e+00
     78.361     8.4434    32.9695    25.6138 8.5470e-02      2.198    1482.93     26.745     2.5308 271.543175    6.62716     79.122     1.3484  34.743362  0.000e+00
     78.353     8.4431    32.9698    25.6141 9.7680e-02      2.183    1482.93     26.746     2.5309 271.543176    6.62720     79.113     1.3484  34.743362  0.000e+00
     78.366     8.4431    32.9699    25.6142 9.7680e-02      2.190    1482.93     26.748     2.5310 271.543176    6.62719     79.127     1.3484  34.743484  0.000e+00
     78.373     8.4423    32.9706    25.6148 8.5470e-02      2.205    1482.93     26.738     2.5302 271.543177    6.62728     79.133     1.3484  34.743423  0.000e+00
     78.391     8.4421    32.9709    25.6150 9.7680e-02      2.220    1482.93     26.739     2.5303 271.543177    6.62730     79.151     1.3484  34.743485  0.000e+00
     78.386     8.4418    32.9711    25.6153 9.7680e-02      2.256    1482.93     26.729     2.5293 271.543178    6.62734     79.146     1.3484  34.743423  0.000e+00
     78.378     8.4414    32.9712    25.6154 9.7680e-02      2.278    1482.92     26.719     2.5283 271.543178    6.62738     79.138     1.3484  34.743239  0.000e+00
     78.386     8.4414    32.9716    25.6157 9.7680e-02      2.286    1482.93     26.719     2.5283 271.543179    6.62737     79.146     1.3484  34.743608  0.000e+00
     78.391     8.4414    32.9718    25.6159 9.7680e-02      2.278    1482.93     26.719     2.5283 271.543179    6.62736     79.151     1.3789  34.743792  0.000e+00
     78.402     8.4416    32.9718    25.6158 9.7680e-02      2.264    1482.93     26.719     2.5283 271.543179    6.62733     79.163     1.3484  34.743976  0.000e+00
     78.397     8.4416    32.9715    25.6156 9.7680e-02      2.278    1482.93     26.719     2.5283 271.543180    6.62734     79.158     1.3484  34.743669  0.000e+00
     78.415     8.4416    32.9712    25.6154 9.7680e-02      2.286    1482.93     26.719     2.5283 271.543180    6.62735     79.176     1.3484  34.743423  0.000e+00
     78.422     8.4414    32.9715    25.6156 9.7680e-02      2.278    1482.93     26.719     2.5284 271.543181    6.62737     79.183     1.3484  34.743485  0.000e+00
     78.426     8.4413    32.9715    25.6157 9.7680e-02      2.256    1482.93     26.719     2.5284 271.543181    6.62739     79.187     1.3484  34.743423  0.000e+00
     78.426     8.4413    32.9716    25.6157 9.7680e-02      2.242    1482.93     26.719     2.5284 271.543182    6.62739     79.187     1.3484  34.743485  0.000e+00
     78.433     8.4413    32.9718    25.6159 9.7680e-02      2.242    1482.93     26.719     2.5284 271.543182    6.62738     79.194     1.3789  34.743669  0.000e+00
     78.426     8.4408    32.9721    25.6162 9.7680e-02      2.242    1482.92     26.719     2.5284 271.543183    6.62744     79.187     1.3789  34.743546  0.000e+00
     78.446     8.4410    32.9718    25.6159 9.7680e-02      2.234    1482.93     26.719     2.5284 271.543183    6.62743     79.207     1.4094  34.743424  0.000e+00
     78.438     8.4410    32.9719    25.6160 9.7680e-02      2.227    1482.93     26.643     2.5212 271.543184    6.62742     79.199     1.3789  34.743485  0.000e+00
     78.451     8.4406    32.9724    25.6164 9.7680e-02      2.212    1482.92     26.709     2.5274 271.543184    6.62745     79.212     1.3789  34.743669  0.000e+00
     78.457     8.4411    32.9720    25.6161 9.7680e-02      2.198    1482.93     26.709     2.5275 271.543185    6.62739     79.219     1.3789  34.743792  0.000e+00
     78.451     8.4414    32.9720    25.6160 9.7680e-02      2.176    1482.93     26.710     2.5275 271.543185    6.62735     79.212     1.3484  34.743976  0.000e+00
     78.469     8.4411    32.9724    25.6164 9.7680e-02      2.161    1482.93     26.710     2.5275 271.543186    6.62738     79.230     1.3484  34.744099  0.000e+00
     78.462     8.4411    32.9728    25.6167 9.7680e-02      2.154    1482.93     26.711     2.5276 271.543186    6.62736     79.224     1.3484  34.744529  0.000e+00
     78.482     8.4413    32.9724    25.6164 9.7680e-02      2.154    1482.93     26.711     2.5276 271.543187    6.62736     79.243     1.3484  34.744283  0.000e+00
     78.475     8.4408    32.9726    25.6166 9.7680e-02      2.154    1482.93     26.635     2.5205 271.543187    6.62742     79.237     1.3484  34.744038  0.000e+00
     78.487     8.4414    32.9723    25.6163 1.0989e-01      2.168    1482.93     26.702     2.5267 271.543188    6.62734     79.248     1.3789  34.744345  0.000e+00
     78.493     8.4419    32.9721    25.6161 1.0989e-01      2.198    1482.93     26.703     2.5268 271.543188    6.62727     79.255     1.3789  34.744590  0.000e+00
     78.498     8.4427    32.9716    25.6155 1.0989e-01      2.227    1482.93     26.704     2.5269 271.543189    6.62717     79.260     1.3484  34.744774  0.000e+00
     78.493     8.4431    32.9714    25.6153 9.7680e-02      2.220    1482.93     26.628     2.5197 271.543189    6.62713     79.255     1.3484  34.744897  0.000e+00
     78.511     8.4437    32.9702    25.6143 9.7680e-02      2.198    1482.93     26.695     2.5260 271.543190    6.62708     79.273     1.3484  34.744345  0.000e+00
     78.523     8.4434    32.9707    25.6147 9.7680e-02      2.198    1482.93     26.621     2.5190 271.543190    6.62711     79.284     1.3484  34.744529  0.000e+00
     78.518     8.4434    32.9710    25.6149 9.7680e-02      2.227    1482.93     26.688     2.5253 271.543191    6.62710     79.280     1.3484  34.744774  0.000e+00
     78.523     8.4432    32.9705    25.6146 9.7680e-02      2.242    1482.93     26.690     2.5255 271.543191    6.62714     79.284     1.3484  34.744222  0.000e+00
     78.531     8.4431    32.9705    25.6146 9.7680e-02      2.242    1482.93     26.692     2.5257 271.543192    6.62717     79.293     1.3484  34.744099  0.000e+00
     78.523     8.4429    32.9711    25.6151 9.7680e-02      2.256    1482.93     26.617     2.5186 271.543192    6.62716     79.284     1.3484  34.744529  0.000e+00
     78.547     8.4427    32.9710    25.6151 9.7680e-02      2.256    1482.93     26.609     2.5179 271.543193    6.62720     79.309     1.3789  34.744283  0.000e+00
     78.542     8.4423    32.9714    25.6155 9.7680e-02      2.271    1482.93     26.601     2.5172 271.543193    6.62725     79.304     1.3789  34.744283  0.000e+00
     78.560     8.4421    32.9713    25.6154 9.7680e-02      2.293    1482.93     26.594     2.5165 271.543193    6.62728     79.322     1.3484  34.743976  0.000e+00
     78.553     8.4418    32.9713    25.6155 9.7680e-02      2.293    1482.93     26.587     2.5158 271.543194    6.62733     79.316     1.3484  34.743731  0.000e+00
     78.560     8.4416    32.9715    25.6156 9.7680e-02      2.293    1482.93     26.580     2.5152 271.543194    6.62734     79.322     1.3484  34.743792  0.000e+00
     78.571     8.4414    32.9719    25.6160 9.7680e-02      2.271    1482.93     26.574     2.5147 271.543195    6.62735     79.334     1.3484  34.743977  0.000e+00
     78.578     8.4418    32.9714    25.6155 9.7680e-02      2.256    1482.93     26.568     2.5141 271.543195    6.62732     79.340     1.3789  34.743854  0.000e+00
     78.571     8.4419    32.9714    25.6155 9.7680e-02      2.256    1482.93     26.563     2.5136 271.543196    6.62730     79.334     1.3484  34.743977  0.000e+00
     78.591     8.4418    32.9714    25.6155 9.7680e-02      2.249    1482.93     26.558     2.5132 271.543196    6.62732     79.354     1.3484  34.743854  0.000e+00
     78.583     8.4418    32.9711    25.6152 9.7680e-02      2.256    1482.93     26.554     2.5127 271.543197    6.62734     79.345     1.3484  34.743485  0.000e+00
     78.596     8.4416    32.9712    25.6154 9.7680e-02      2.264    1482.93     26.550     2.5124 271.543197    6.62736     79.359     1.3484  34.743485  0.000e+00
     78.591     8.4418    32.9712    25.6154 8.5470e-02      2.256    1482.93     26.547     2.5120 271.543198    6.62733     79.354     1.3484  34.743670  0.000e+00
     78.607     8.4423    32.9712    25.6152 9.7680e-02      2.242    1482.93     26.544     2.5117 271.543198    6.62726     79.370     1.3484  34.744038  0.000e+00
     78.615     8.4424    32.9708    25.6149 9.7680e-02      2.234    1482.93     26.541     2.5115 271.543199    6.62725     79.378     1.3789  34.743792  0.000e+00
     78.620     8.4424    32.9710    25.6151 9.7680e-02      2.242    1482.93     26.539     2.5113 271.543199    6.62724     79.383     1.3789  34.744038  0.000e+00
     78.620     8.4423    32.9712    25.6152 9.7680e-02      2.256    1482.93     26.537     2.5111 271.543200    6.62726     79.383     1.3789  34.744038  0.000e+00
     78.627     8.4421    32.9717    25.6157 9.7680e-02      2.286    1482.93     26.536     2.5110 271.543200    6.62727     79.390     1.3789  34.744345  0.000e+00
     78.632     8.4423    32.9712    25.6153 9.7680e-02      2.315    1482.93     26.535     2.5109 271.543201    6.62726     79.395     1.3484  34.744099  0.000e+00
     78.620     8.4419    32.9711    25.6152 8.5470e-02      2.352    1482.93     26.535     2.5109 271.543201    6.62731     79.383     1.3484  34.743670  0.000e+00
