Cruise data/ship_ctd/BN1-Lysakerfjorden_280923_tokt2.cnv
* Sea-Bird SBE 9 Data File:
* FileName = C:\CTD Brukere\UiO Kurs\Geo2320 2023\BN1-Lysakerfjorden_280923_tokt2.hex
* Software Version Seasave V 7.26.7.121
* Temperature SN = 5352
* Conductivity SN = 3840
* Number of Bytes Per Scan = 31
* Number of Voltage Words = 5
* Number of Scans Averaged by the Deck Unit = 1
* NMEA baud rate = 4800
** Ship: R/V Trygve Braarud
** Cruise:
** Station:
** Operator:
# nquan = 15
# nvalues = 4217                                  
# units = specified
# name 0 = depSM: Depth [salt water, m], lat = 59.90
# name 1 = t090C: Temperature [ITS-90, deg C]
# name 2 = sal00: Salinity, Practical [PSU]
# name 3 = sigma-t00: Density [sigma-t, kg/m^3 ]
# name 4 = flSP: Fluorescence, Seapoint
# name 5 = seaTurbMtr: Turbidity, Seapoint [FTU]
# name 6 = svCM: Sound Velocity [Chen-Millero, m/s]
# name 7 = sbeox0PS: Oxygen, SBE 43 [% saturation]
# name 8 = sbeox0Mg/L: Oxygen, SBE 43 [mg/l]
# name 9 = timeJ: Julian Days
# name 10 = oxsatML/L: Oxygen Saturation, Weiss [ml/l]
# name 11 = prDM: Pressure, Digiquartz [db]
# name 12 = wetStar: Fluorescence, WET Labs WETstar [mg/m^3]
# name 13 = c0mS/cm: Conductivity [mS/cm]
# name 14 = flag:  0.000e+00
# span 0 =      0.628,     81.108                 
# span 1 =     8.4364,    15.5644                 
# span 2 =    14.9030,    32.9759                 
# span 3 =    10.4436,    25.6198                 
# span 4 = 8.5470e-02, 1.3529e+01                 
# span 5 =      1.758,     27.663                 
# span 6 =    1482.59,    1495.20                 
# span 7 =     25.241,     86.407                 
# span 8 =     2.3685,     7.8648                 
# span 9 = 271.541343, 271.543376                 
# span 10 =    6.05325,    6.62800                
# span 11 =      0.634,     81.895                
# span 12 =     1.3178,     5.2861                
# span 13 =  20.019184,  34.909380                
# span 14 = 0.0000e+00, 0.0000e+00                
# interval = seconds: 0.0416667
# start_time = Sep 28 2023 12:59:32 [System UTC, first data scan.]
# bad_flag = -9.990e-29
*END*
[from data line 1832]
     35.730     9.7944    31.4960    24.2505 9.7680e-02      1.927    1485.41     26.290     2.4374 271.542226    6.48990     36.073     1.6536  34.481186  0.000e+00
     35.730     9.7388    31.5548    24.3054 9.7680e-02      1.912    1485.28     26.294     2.4398 271.542227    6.49549     36.073     1.6536  34.491172  0.000e+00
     35.755     9.6777    31.6146    24.3620 9.7680e-02      1.927    1485.13     26.300     2.4427 271.542227    6.50186     36.098     1.6536  34.497303  0.000e+00
     35.777     9.6539    31.6345    24.3813 9.7680e-02      1.941    1485.07     26.235     2.4376 271.542228    6.50448     36.121     1.6536  34.496265  0.000e+00
     35.802     9.6568    31.6279    24.3757 9.7680e-02      1.934    1485.07     26.228     2.4369 271.542228    6.50434     36.145     1.6231  34.492284  0.000e+00
     35.815     9.6657    31.6178    24.3664 9.7680e-02      1.912    1485.09     26.225     2.4363 271.542228    6.50346     36.159     1.6231  34.490079  0.000e+00
     35.837     9.6720    31.6114    24.3603 9.7680e-02      1.897    1485.11     26.224     2.4360 271.542229    6.50281     36.181     1.6231  34.489221  0.000e+00
     35.862     9.6823    31.6015    24.3510 9.7680e-02      1.890    1485.14     26.227     2.4359 271.542229    6.50174     36.206     1.6536  34.488363  0.000e+00
     35.886     9.7140    31.5712    24.3222 9.7680e-02      1.897    1485.21     26.233     2.4352 271.542230    6.49840     36.231     1.6536  34.485971  0.000e+00
     35.898     9.7392    31.5462    24.2987 9.7680e-02      1.912    1485.28     26.242     2.4351 271.542230    6.49580     36.242     1.6536  34.483152  0.000e+00
     35.922     9.7299    31.5558    24.3076 1.0989e-01      1.912    1485.25     26.244     2.4357 271.542231    6.49674     36.267     1.6536  34.484561  0.000e+00
     35.946     9.7186    31.5688    24.3196 9.7680e-02      1.912    1485.23     26.175     2.4296 271.542231    6.49784     36.291     1.6536  34.487624  0.000e+00
     35.969     9.6933    31.5964    24.3452 9.7680e-02      1.905    1485.17     26.174     2.4305 271.542232    6.50036     36.314     1.6536  34.492893  0.000e+00
     35.993     9.6636    31.6292    24.3756 9.7680e-02      1.905    1485.10     26.177     2.4318 271.542232    6.50330     36.339     1.6536  34.499510  0.000e+00
     36.006     9.6315    31.6646    24.4084 9.7680e-02      1.905    1485.03     26.182     2.4334 271.542233    6.50647     36.352     1.6536  34.506617  0.000e+00
     36.029     9.5832    31.7141    24.4548 9.7680e-02      1.912    1484.91     26.191     2.4361 271.542233    6.51144     36.375     1.6536  34.513299  0.000e+00
     36.053     9.5609    31.7359    24.4754 9.7680e-02      1.927    1484.86     26.204     2.4381 271.542234    6.51377     36.399     1.6536  34.515384  0.000e+00
     36.078     9.5427    31.7539    24.4923 9.7680e-02      1.927    1484.81     26.134     2.4323 271.542234    6.51567     36.424     1.6231  34.517223  0.000e+00
     36.102     9.5207    31.7775    24.5143 9.7680e-02      1.927    1484.76     26.132     2.4330 271.542235    6.51789     36.449     1.6536  34.521269  0.000e+00
     36.113     9.4967    31.8033    24.5382 9.7680e-02      1.934    1484.71     26.134     2.4340 271.542235    6.52030     36.460     1.6536  34.525743  0.000e+00
     36.102     9.4707    31.8299    24.5631 9.7680e-02      1.956    1484.64     26.140     2.4355 271.542236    6.52298     36.449     1.6536  34.529176  0.000e+00
     36.198     9.4523    31.8477    24.5800 9.7680e-02      1.963    1484.60     26.148     2.4370 271.542236    6.52493     36.545     1.6536  34.530649  0.000e+00
     36.186     9.4423    31.8560    24.5880 9.7680e-02      1.956    1484.57     26.150     2.4376 271.542237    6.52604     36.534     1.6536  34.530099  0.000e+00
     36.209     9.4365    31.8602    24.5922 1.0989e-01      1.949    1484.56     26.164     2.4392 271.542237    6.52671     36.557     1.6536  34.529180  0.000e+00
     36.222     9.4339    31.8625    24.5944 1.0989e-01      1.956    1484.55     26.182     2.4409 271.542238    6.52699     36.570     1.6536  34.529181  0.000e+00
     36.246     9.4336    31.8609    24.5933 1.2210e-01      1.956    1484.55     26.193     2.4420 271.542238    6.52710     36.594     1.6231  34.527404  0.000e+00
     36.258     9.4327    31.8602    24.5929 1.0989e-01      1.941    1484.54     26.206     2.4433 271.542239    6.52727     36.606     1.6231  34.525873  0.000e+00
     36.294     9.4338    31.8589    24.5917 1.0989e-01      1.927    1484.55     26.213     2.4438 271.542239    6.52716     36.642     1.6536  34.525567  0.000e+00
     36.307     9.4362    31.8575    24.5902 9.7680e-02      1.905    1484.55     26.221     2.4445 271.542240    6.52687     36.655     1.6231  34.526302  0.000e+00
     36.329     9.4273    31.8668    24.5988 9.7680e-02      1.897    1484.53     26.233     2.4459 271.542240    6.52778     36.678     1.6231  34.527650  0.000e+00
     36.342     9.4168    31.8770    24.6085 9.7680e-02      1.919    1484.51     26.171     2.4406 271.542241    6.52889     36.691     1.6231  34.528509  0.000e+00
     36.365     9.4181    31.8753    24.6069 9.7680e-02      1.941    1484.51     26.178     2.4412 271.542241    6.52877     36.714     1.6231  34.527958  0.000e+00
     36.391     9.4310    31.8616    24.5942 9.7680e-02      1.941    1484.54     26.187     2.4416 271.542242    6.52745     36.740     1.6231  34.525874  0.000e+00
     36.402     9.4388    31.8548    24.5876 9.7680e-02      1.919    1484.56     26.199     2.4424 271.542242    6.52660     36.752     1.6231  34.525934  0.000e+00
     36.438     9.4436    31.8524    24.5850 9.7680e-02      1.919    1484.58     26.204     2.4426 271.542242    6.52600     36.788     1.6231  34.527833  0.000e+00
     36.438     9.4536    31.8440    24.5769 9.7680e-02      1.934    1484.60     26.211     2.4429 271.542243    6.52490     36.788     1.6231  34.528260  0.000e+00
     36.474     9.4636    31.8332    24.5668 9.7680e-02      1.941    1484.63     26.221     2.4434 271.542243    6.52388     36.824     1.6231  34.526422  0.000e+00
     36.485     9.4782    31.8194    24.5537 9.7680e-02      1.956    1484.66     26.233     2.4440 271.542244    6.52233     36.835     1.6231  34.525624  0.000e+00
     36.509     9.4675    31.8306    24.5642 9.7680e-02      1.963    1484.64     26.248     2.4458 271.542244    6.52343     36.860     1.6231  34.527218  0.000e+00
     36.545     9.4602    31.8382    24.5713 9.7680e-02      1.949    1484.62     26.255     2.4467 271.542245    6.52417     36.896     1.6231  34.528444  0.000e+00
     36.558     9.4541    31.8437    24.5766 9.7680e-02      1.941    1484.61     26.190     2.4408 271.542245    6.52484     36.909     1.6231  34.528445  0.000e+00
     36.569     9.4586    31.8379    24.5713 9.7680e-02      1.934    1484.62     26.191     2.4408 271.542246    6.52442     36.921     1.6231  34.526668  0.000e+00
     36.594     9.4649    31.8323    24.5659 9.7680e-02      1.919    1484.63     26.270     2.4480 271.542246    6.52374     36.945     1.6231  34.526667  0.000e+00
     36.607     9.4597    31.8381    24.5713 9.7680e-02      1.912    1484.62     26.286     2.4497 271.542247    6.52424     36.958     1.6231  34.527954  0.000e+00
     36.641     9.4445    31.8533    24.5856 9.7680e-02      1.912    1484.58     26.230     2.4450 271.542247    6.52583     36.993     1.5926  34.529549  0.000e+00
     36.654     9.4241    31.8729    24.6041 9.7680e-02      1.934    1484.53     26.241     2.4468 271.542248    6.52800     37.006     1.6231  34.530899  0.000e+00
     36.678     9.4074    31.8880    24.6186 9.7680e-02      1.956    1484.49     26.244     2.4478 271.542248    6.52980     37.030     1.6231  34.531207  0.000e+00
     36.714     9.4016    31.8914    24.6221 9.7680e-02      1.978    1484.47     26.250     2.4485 271.542249    6.53051     37.066     1.6231  34.529492  0.000e+00
     36.727     9.4069    31.8837    24.6153 9.7680e-02      1.963    1484.48     26.257     2.4490 271.542249    6.53006     37.079     1.6231  34.526613  0.000e+00
     36.737     9.4152    31.8752    24.6074 9.7680e-02      1.934    1484.51     26.265     2.4495 271.542250    6.52920     37.089     1.6231  34.525509  0.000e+00
     36.774     9.4177    31.8737    24.6057 9.7680e-02      1.919    1484.51     26.277     2.4504 271.542250    6.52889     37.127     1.6536  34.526244  0.000e+00
     36.785     9.4158    31.8754    24.6074 9.7680e-02      1.949    1484.51     26.290     2.4518 271.542251    6.52910     37.138     1.6536  34.526244  0.000e+00
     36.810     9.4142    31.8780    24.6096 9.7680e-02      1.978    1484.51     26.295     2.4523 271.542251    6.52923     37.163     1.6536  34.527347  0.000e+00
     36.834     9.4081    31.8862    24.6171 9.7680e-02      1.971    1484.49     26.302     2.4531 271.542252    6.52978     37.188     1.6536  34.530105  0.000e+00
     36.857     9.4021    31.8904    24.6213 9.7680e-02      1.963    1484.48     26.235     2.4471 271.542252    6.53048     37.211     1.6536  34.529003  0.000e+00
     36.883     9.4134    31.8742    24.6068 9.7680e-02      1.949    1484.50     26.235     2.4468 271.542253    6.52950     37.237     1.6231  34.522998  0.000e+00
     36.905     9.4433    31.8416    24.5766 9.7680e-02      1.934    1484.57     26.237     2.4459 271.542253    6.52650     37.260     1.6536  34.517176  0.000e+00
     36.918     9.4701    31.8162    24.5525 9.7680e-02      1.927    1484.64     26.241     2.4452 271.542254    6.52364     37.273     1.6231  34.515642  0.000e+00
     36.941     9.4725    31.8158    24.5519 9.7680e-02      1.934    1484.65     26.247     2.4457 271.542254    6.52330     37.296     1.6231  34.517418  0.000e+00
     36.967     9.4675    31.8231    24.5583 9.7680e-02      1.971    1484.64     26.256     2.4466 271.542255    6.52373     37.322     1.6231  34.520175  0.000e+00
     36.990     9.4409    31.8481    24.5821 9.7680e-02      1.971    1484.57     26.257     2.4478 271.542255    6.52658     37.345     1.6231  34.521464  0.000e+00
     37.013     9.4306    31.8556    24.5896 9.7680e-02      1.949    1484.54     26.260     2.4485 271.542255    6.52777     37.368     1.6231  34.519873  0.000e+00
     37.039     9.4439    31.8418    24.5767 9.7680e-02      1.919    1484.57     26.263     2.4483 271.542256    6.52641     37.394     1.6231  34.517911  0.000e+00
     37.061     9.4646    31.8222    24.5581 9.7680e-02      1.934    1484.63     26.268     2.4479 271.542256    6.52420     37.417     1.6231  34.516745  0.000e+00
     37.099     9.4678    31.8201    24.5559 9.7680e-02      1.978    1484.64     26.275     2.4484 271.542257    6.52382     37.455     1.6231  34.517480  0.000e+00
     37.097     9.4765    31.8127    24.5488 9.7680e-02      2.007    1484.66     26.208     2.4419 271.542257    6.52287     37.453     1.6231  34.517785  0.000e+00
     37.146     9.4696    31.8185    24.5544 9.7680e-02      2.037    1484.64     26.199     2.4413 271.542258    6.52362     37.502     1.6231  34.517541  0.000e+00
     37.146     9.4620    31.8252    24.5608 9.7680e-02      2.051    1484.62     26.192     2.4409 271.542258    6.52445     37.502     1.6231  34.517481  0.000e+00
     37.183     9.4579    31.8299    24.5652 9.7680e-02      2.073    1484.61     26.186     2.4405 271.542259    6.52485     37.540     1.6231  34.518584  0.000e+00
     37.159     9.4420    31.8442    24.5789 1.0989e-01      2.037    1484.57     26.181     2.4407 271.542259    6.52657     37.515     1.6231  34.518770  0.000e+00
     37.253     9.4343    31.8492    24.5840 1.0989e-01      2.000    1484.55     26.179     2.4409 271.542260    6.52750     37.610     1.6231  34.516933  0.000e+00
     37.254     9.4453    31.8363    24.5721 1.0989e-01      1.993    1484.58     26.178     2.4403 271.542260    6.52642     37.612     1.6231  34.513869  0.000e+00
     37.253     9.4621    31.8191    24.5560 1.0989e-01      2.000    1484.62     26.178     2.4397 271.542261    6.52469     37.610     1.6231  34.511663  0.000e+00
     37.303     9.4727    31.8106    24.5477 9.7680e-02      1.993    1484.65     26.179     2.4394 271.542261    6.52350     37.661     1.6231  34.512580  0.000e+00
     37.313     9.4737    31.8121    24.5488 9.7680e-02      2.000    1484.65     26.183     2.4397 271.542262    6.52329     37.671     1.6231  34.514908  0.000e+00
     37.339     9.4761    31.8121    24.5483 9.7680e-02      2.022    1484.66     26.189     2.4401 271.542262    6.52294     37.697     1.6231  34.516990  0.000e+00
     37.362     9.4678    31.8202    24.5560 9.7680e-02      2.110    1484.64     26.196     2.4411 271.542263    6.52382     37.720     1.5926  34.517665  0.000e+00
     37.374     9.4630    31.8247    24.5603 9.7680e-02      2.117    1484.63     26.205     2.4421 271.542263    6.52433     37.733     1.5926  34.517972  0.000e+00
     37.409     9.4521    31.8373    24.5719 9.7680e-02      2.066    1484.61     26.215     2.4434 271.542264    6.52539     37.768     1.5926  34.520852  0.000e+00
     37.423     9.4378    31.8519    24.5856 9.7680e-02      2.022    1484.57     26.142     2.4372 271.542264    6.52686     37.783     1.5926  34.522752  0.000e+00
     37.446     9.4405    31.8483    24.5823 9.7680e-02      1.993    1484.58     26.136     2.4365 271.542265    6.52662     37.805     1.5926  34.521527  0.000e+00
     37.483     9.4453    31.8434    24.5777 9.7680e-02      1.978    1484.59     26.131     2.4358 271.542265    6.52613     37.843     1.5926  34.520914  0.000e+00
     37.493     9.4516    31.8370    24.5717 9.7680e-02      1.978    1484.60     26.127     2.4353 271.542266    6.52547     37.853     1.5926  34.520178  0.000e+00
     37.530     9.4588    31.8285    24.5639 9.7680e-02      1.971    1484.62     26.126     2.4349 271.542266    6.52478     37.891     1.5926  34.518095  0.000e+00
     37.542     9.4771    31.8103    24.5468 9.7680e-02      1.993    1484.67     26.125     2.4341 271.542267    6.52286     37.902     1.5926  34.516256  0.000e+00
     37.566     9.4823    31.8059    24.5425 9.7680e-02      1.978    1484.68     26.052     2.4271 271.542267    6.52230     37.927     1.5926  34.516378  0.000e+00
     37.589     9.4771    31.8120    24.5482 9.7680e-02      1.971    1484.67     26.121     2.4337 271.542268    6.52280     37.950     1.5926  34.517910  0.000e+00
     37.615     9.4721    31.8191    24.5545 9.7680e-02      1.971    1484.66     26.126     2.4344 271.542268    6.52323     37.976     1.5926  34.520483  0.000e+00
     37.649     9.4557    31.8358    24.5701 9.7680e-02      1.978    1484.62     26.059     2.4287 271.542269    6.52493     38.010     1.5926  34.522567  0.000e+00
     37.650     9.4513    31.8382    24.5727 9.7680e-02      1.978    1484.61     26.048     2.4279 271.542269    6.52547     38.012     1.5620  34.521159  0.000e+00
     37.685     9.4626    31.8274    24.5625 9.7680e-02      1.971    1484.64     26.038     2.4265 271.542269    6.52427     38.046     1.5620  34.520423  0.000e+00
     37.710     9.4467    31.8467    24.5801 9.7680e-02      1.978    1484.60     26.041     2.4274 271.542270    6.52579     38.073     1.5620  34.525448  0.000e+00
     37.733     9.4072    31.8886    24.6190 9.7680e-02      1.971    1484.51     26.047     2.4293 271.542270    6.52980     38.096     1.5926  34.532068  0.000e+00
     37.746     9.3778    31.9160    24.6451 9.7680e-02      1.963    1484.43     26.044     2.4302 271.542271    6.53296     38.109     1.5926  34.533235  0.000e+00
     37.780     9.3656    31.9237    24.6531 9.7680e-02      1.956    1484.40     26.042     2.4306 271.542271    6.53441     38.143     1.5926  34.530235  0.000e+00
