Cruise data/ship_ctd/BN1-Lysakerfjorden_280923_tokt2.cnv
* Sea-Bird SBE 9 Data File:
* FileName = C:\CTD Brukere\UiO Kurs\Geo2320 2023\BN1-Lysakerfjorden_280923_tokt2.hex
* Software Version Seasave V 7.26.7.121
* Temperature SN = 5352
* Conductivity SN = 3840
* Number of Bytes Per Scan = 31
* Number of Voltage Words = 5
* Number of Scans Averaged by the Deck Unit = 1
* NMEA baud rate = 4800
** Ship: R/V Trygve Braarud
** Cruise:
** Station:
** Operator:
# nquan = 15
# nvalues = 4217                                  
# units = specified
# name 0 = depSM: Depth [salt water, m], lat = 59.90
# name 1 = t090C: Temperature [ITS-90, deg C]
# name 2 = sal00: Salinity, Practical [PSU]
# name 3 = sigma-t00: Density [sigma-t, kg/m^3 ]
# name 4 = flSP: Fluorescence, Seapoint
# name 5 = seaTurbMtr: Turbidity, Seapoint [FTU]
# name 6 = svCM: Sound Velocity [Chen-Millero, m/s]
# name 7 = sbeox0PS: Oxygen, SBE 43 [% saturation]
# name 8 = sbeox0Mg/L: Oxygen, SBE 43 [mg/l]
# name 9 = timeJ: Julian Days
# name 10 = oxsatML/L: Oxygen Saturation, Weiss [ml/l]
# name 11 = prDM: Pressure, Digiquartz [db]
# name 12 = wetStar: Fluorescence, WET Labs WETstar [mg/m^3]
# name 13 = c0mS/cm: Conductivity [mS/cm]
# name 14 = flag:  0.000e+00
# span 0 =      0.628,     81.108                 
# span 1 =     8.4364,    15.5644                 
# span 2 =    14.9030,    32.9759                 
# span 3 =    10.4436,    25.6198                 
# span 4 = 8.5470e-02, 1.3529e+01                 
# span 5 =      1.758,     27.663                 
# span 6 =    1482.59,    1495.20                 
# span 7 =     25.241,     86.407                 
# span 8 =     2.3685,     7.8648                 
# span 9 = 271.541343, 271.543376                 
# span 10 =    6.05325,    6.62800                
# span 11 =      0.634,     81.895                
# span 12 =     1.3178,     5.2861                
# span 13 =  20.019184,  34.909380                
# span 14 = 0.0000e+00, 0.0000e+00                
# interval = seconds: 0.0416667
# start_time = Sep 28 2023 12:59:32 [System UTC, first data scan.]
# bad_flag = -9.990e-29
*END*
[from data line 3374]
     69.258     8.4468    32.9635    25.6086 9.7680e-02      2.147    1482.78     26.892     2.5445 271.542970    6.62691     69.929     1.3484  34.736638  0.000e+00
     69.283     8.4460    32.9642    25.6092 9.7680e-02      2.125    1482.78     26.883     2.5438 271.542970    6.62700     69.954     1.3484  34.736576  0.000e+00
     69.294     8.4457    32.9643    25.6094 8.5470e-02      2.110    1482.78     26.876     2.5431 271.542971    6.62704     69.965     1.3484  34.736454  0.000e+00
     69.319     8.4453    32.9647    25.6097 9.7680e-02      2.110    1482.78     26.868     2.5424 271.542971    6.62708     69.990     1.3484  34.736515  0.000e+00
     69.343     8.4453    32.9645    25.6096 9.7680e-02      2.132    1482.78     26.861     2.5417 271.542972    6.62709     70.014     1.3484  34.736331  0.000e+00
     69.354     8.4454    32.9648    25.6098 9.7680e-02      2.139    1482.78     26.855     2.5411 271.542972    6.62707     70.026     1.3484  34.736638  0.000e+00
     69.379     8.4458    32.9646    25.6096 9.7680e-02      2.125    1482.78     26.849     2.5405 271.542973    6.62701     70.051     1.3484  34.736884  0.000e+00
     69.392     8.4458    32.9643    25.6093 9.7680e-02      2.117    1482.78     26.843     2.5400 271.542973    6.62702     70.064     1.3484  34.736577  0.000e+00
     69.415     8.4455    32.9648    25.6098 9.7680e-02      2.110    1482.78     26.838     2.5395 271.542974    6.62705     70.087     1.3484  34.736822  0.000e+00
     69.439     8.4455    32.9648    25.6098 9.7680e-02      2.103    1482.78     26.833     2.5391 271.542974    6.62705     70.111     1.3484  34.736761  0.000e+00
     69.463     8.4458    32.9646    25.6095 9.7680e-02      2.103    1482.79     26.829     2.5387 271.542975    6.62701     70.136     1.3484  34.736884  0.000e+00
     69.475     8.4463    32.9640    25.6090 9.7680e-02      2.110    1482.79     26.825     2.5383 271.542975    6.62696     70.148     1.3484  34.736761  0.000e+00
     69.488     8.4466    32.9643    25.6092 9.7680e-02      2.117    1482.79     26.822     2.5379 271.542976    6.62690     70.161     1.3484  34.737314  0.000e+00
     69.524     8.4471    32.9634    25.6084 9.7680e-02      2.125    1482.79     26.819     2.5376 271.542976    6.62687     70.197     1.3178  34.736945  0.000e+00
     69.537     8.4473    32.9634    25.6085 9.7680e-02      2.125    1482.79     26.816     2.5374 271.542976    6.62684     70.210     1.3484  34.737130  0.000e+00
     69.548     8.4473    32.9637    25.6086 8.5470e-02      2.117    1482.79     26.814     2.5372 271.542977    6.62683     70.221     1.3484  34.737375  0.000e+00
     69.573     8.4473    32.9634    25.6084 9.7680e-02      2.110    1482.79     26.813     2.5370 271.542977    6.62684     70.246     1.3484  34.737068  0.000e+00
     69.597     8.4465    32.9641    25.6091 8.5470e-02      2.117    1482.79     26.811     2.5369 271.542978    6.62693     70.271     1.3484  34.737069  0.000e+00
     69.608     8.4463    32.9638    25.6089 8.5470e-02      2.125    1482.79     26.811     2.5369 271.542978    6.62697     70.282     1.3484  34.736700  0.000e+00
     69.633     8.4455    32.9646    25.6096 9.7680e-02      2.103    1482.79     26.821     2.5379 271.542979    6.62706     70.307     1.3484  34.736700  0.000e+00
     69.657     8.4457    32.9643    25.6094 9.7680e-02      2.088    1482.79     26.822     2.5380 271.542979    6.62704     70.332     1.3789  34.736578  0.000e+00
     69.657     8.4453    32.9645    25.6096 9.7680e-02      2.081    1482.79     26.823     2.5381 271.542980    6.62709     70.332     1.3789  34.736455  0.000e+00
     69.704     8.4452    32.9647    25.6097 9.7680e-02      2.088    1482.79     26.824     2.5382 271.542980    6.62710     70.379     1.3484  34.736516  0.000e+00
     69.717     8.4450    32.9650    25.6100 9.7680e-02      2.088    1482.79     26.826     2.5384 271.542981    6.62711     70.392     1.3484  34.736701  0.000e+00
     69.729     8.4455    32.9650    25.6100 9.7680e-02      2.095    1482.79     26.828     2.5386 271.542981    6.62704     70.404     1.3484  34.737131  0.000e+00
     69.753     8.4463    32.9645    25.6094 9.7680e-02      2.110    1482.79     26.831     2.5388 271.542982    6.62694     70.429     1.3484  34.737376  0.000e+00
     69.765     8.4473    32.9640    25.6089 9.7680e-02      2.132    1482.80     26.834     2.5390 271.542982    6.62682     70.440     1.3484  34.737744  0.000e+00
     69.753     8.4477    32.9633    25.6082 9.7680e-02      2.154    1482.80     26.761     2.5321 271.542983    6.62677     70.429     1.3789  34.737499  0.000e+00
     69.838     8.4474    32.9638    25.6087 8.5470e-02      2.168    1482.80     26.831     2.5388 271.542983    6.62680     70.514     1.3789  34.737745  0.000e+00
     69.825     8.4473    32.9636    25.6086 9.7680e-02      2.176    1482.80     26.836     2.5392 271.542984    6.62684     70.501     1.3789  34.737376  0.000e+00
     69.849     8.4471    32.9637    25.6087 9.7680e-02      2.154    1482.80     26.841     2.5398 271.542984    6.62685     70.526     1.3789  34.737376  0.000e+00
     69.862     8.4468    32.9637    25.6087 9.7680e-02      2.139    1482.79     26.771     2.5331 271.542985    6.62690     70.539     1.3789  34.737069  0.000e+00
     69.874     8.4471    32.9638    25.6088 9.7680e-02      2.139    1482.80     26.767     2.5327 271.542985    6.62685     70.550     1.3789  34.737499  0.000e+00
     69.909     8.4477    32.9633    25.6082 9.7680e-02      2.168    1482.80     26.764     2.5324 271.542986    6.62677     70.586     1.3789  34.737561  0.000e+00
     69.922     8.4480    32.9628    25.6079 9.7680e-02      2.183    1482.80     26.762     2.5322 271.542986    6.62675     70.600     1.3789  34.737438  0.000e+00
     69.935     8.4480    32.9632    25.6081 9.7680e-02      2.168    1482.80     26.761     2.5321 271.542987    6.62673     70.613     1.3789  34.737745  0.000e+00
     69.958     8.4487    32.9628    25.6077 9.7680e-02      2.154    1482.80     26.760     2.5320 271.542987    6.62665     70.636     1.3789  34.737991  0.000e+00
     69.983     8.4493    32.9621    25.6071 9.7680e-02      2.125    1482.80     26.761     2.5320 271.542988    6.62659     70.660     1.3789  34.737868  0.000e+00
     69.994     8.4490    32.9619    25.6070 9.7680e-02      2.117    1482.80     26.762     2.5322 271.542988    6.62664     70.672     1.4094  34.737499  0.000e+00
     70.018     8.4479    32.9630    25.6080 9.7680e-02      2.132    1482.80     26.764     2.5324 271.542989    6.62676     70.696     1.3789  34.737500  0.000e+00
     70.030     8.4470    32.9636    25.6086 9.7680e-02      2.154    1482.80     26.768     2.5328 271.542989    6.62688     70.708     1.3484  34.737193  0.000e+00
     70.054     8.4465    32.9638    25.6088 9.7680e-02      2.176    1482.80     26.772     2.5332 271.542989    6.62695     70.733     1.3484  34.736947  0.000e+00
     70.079     8.4460    32.9640    25.6091 8.5470e-02      2.183    1482.80     26.777     2.5337 271.542990    6.62701     70.757     1.3789  34.736763  0.000e+00
     70.103     8.4452    32.9651    25.6101 9.7680e-02      2.198    1482.79     26.771     2.5332 271.542990    6.62708     70.782     1.3789  34.737132  0.000e+00
     70.115     8.4450    32.9653    25.6102 8.5470e-02      2.205    1482.79     26.767     2.5328 271.542991    6.62710     70.793     1.3789  34.737132  0.000e+00
     70.128     8.4452    32.9654    25.6103 9.7680e-02      2.198    1482.80     26.773     2.5334 271.542991    6.62707     70.807     1.3789  34.737439  0.000e+00
     70.150     8.4452    32.9654    25.6103 9.7680e-02      2.176    1482.80     26.770     2.5331 271.542992    6.62707     70.830     1.3789  34.737439  0.000e+00
     70.176     8.4450    32.9656    25.6105 9.7680e-02      2.139    1482.80     26.767     2.5328 271.542992    6.62708     70.856     1.3484  34.737501  0.000e+00
     70.188     8.4447    32.9654    25.6103 9.7680e-02      2.125    1482.79     26.764     2.5326 271.542993    6.62715     70.867     1.3484  34.736948  0.000e+00
     70.211     8.4445    32.9651    25.6102 9.7680e-02      2.154    1482.79     26.762     2.5324 271.542993    6.62718     70.890     1.3484  34.736580  0.000e+00
     70.224     8.4445    32.9657    25.6107 9.7680e-02      2.161    1482.79     26.761     2.5322 271.542994    6.62715     70.904     1.3484  34.737194  0.000e+00
     70.261     8.4444    32.9659    25.6108 9.7680e-02      2.139    1482.79     26.683     2.5249 271.542994    6.62717     70.941     1.3484  34.737255  0.000e+00
     70.272     8.4445    32.9657    25.6106 8.5470e-02      2.103    1482.80     26.749     2.5311 271.542995    6.62716     70.953     1.3484  34.737132  0.000e+00
     70.295     8.4444    32.9653    25.6104 9.7680e-02      2.088    1482.79     26.749     2.5311 271.542995    6.62719     70.976     1.3484  34.736703  0.000e+00
     70.308     8.4444    32.9656    25.6106 9.7680e-02      2.088    1482.80     26.673     2.5239 271.542996    6.62718     70.989     1.3789  34.736948  0.000e+00
     70.344     8.4442    32.9654    25.6105 9.7680e-02      2.088    1482.80     26.664     2.5231 271.542996    6.62721     71.025     1.3789  34.736703  0.000e+00
     70.346     8.4440    32.9658    25.6108 9.7680e-02      2.088    1482.79     26.656     2.5223 271.542997    6.62723     71.027     1.3789  34.736826  0.000e+00
     70.368     8.4442    32.9658    25.6108 9.7680e-02      2.088    1482.80     26.648     2.5216 271.542997    6.62719     71.050     1.3484  34.737071  0.000e+00
     70.393     8.4445    32.9657    25.6106 9.7680e-02      2.095    1482.80     26.718     2.5282 271.542998    6.62716     71.075     1.3484  34.737194  0.000e+00
     70.404     8.4445    32.9661    25.6110 9.7680e-02      2.103    1482.80     26.722     2.5286 271.542998    6.62714     71.086     1.3484  34.737624  0.000e+00
     70.406     8.4445    32.9659    25.6108 9.7680e-02      2.125    1482.80     26.727     2.5291 271.542999    6.62715     71.088     1.3484  34.737379  0.000e+00
     70.489     8.4447    32.9657    25.6106 9.7680e-02      2.139    1482.80     26.733     2.5296 271.542999    6.62713     71.172     1.3484  34.737379  0.000e+00
     70.477     8.4447    32.9654    25.6103 9.7680e-02      2.125    1482.80     26.738     2.5301 271.543000    6.62715     71.160     1.3484  34.737072  0.000e+00
     70.489     8.4445    32.9655    25.6105 8.5470e-02      2.117    1482.80     26.744     2.5307 271.543000    6.62716     71.172     1.3178  34.737072  0.000e+00
     70.513     8.4447    32.9655    25.6104 9.7680e-02      2.125    1482.80     26.675     2.5241 271.543001    6.62714     71.196     1.3484  34.737195  0.000e+00
     70.538     8.4447    32.9654    25.6104 9.7680e-02      2.168    1482.80     26.748     2.5310 271.543001    6.62715     71.221     1.3484  34.737133  0.000e+00
     70.560     8.4444    32.9657    25.6107 9.7680e-02      2.205    1482.80     26.756     2.5318 271.543002    6.62718     71.244     1.3484  34.737195  0.000e+00
     70.574     8.4442    32.9663    25.6112 9.7680e-02      2.227    1482.80     26.688     2.5254 271.543002    6.62717     71.257     1.3484  34.737625  0.000e+00
     70.598     8.4439    32.9666    25.6114 9.7680e-02      2.227    1482.80     26.687     2.5253 271.543003    6.62722     71.282     1.3484  34.737563  0.000e+00
     70.609     8.4440    32.9660    25.6110 8.5470e-02      2.205    1482.80     26.763     2.5325 271.543003    6.62722     71.293     1.3484  34.737195  0.000e+00
     70.634     8.4442    32.9658    25.6108 9.7680e-02      2.198    1482.80     26.697     2.5262 271.543003    6.62719     71.318     1.3484  34.737195  0.000e+00
     70.658     8.4442    32.9658    25.6107 9.7680e-02      2.212    1482.80     26.698     2.5263 271.543004    6.62720     71.342     1.3484  34.737134  0.000e+00
     70.681     8.4444    32.9659    25.6108 9.7680e-02      2.212    1482.80     26.700     2.5265 271.543004    6.62717     71.365     1.3484  34.737441  0.000e+00
     70.694     8.4450    32.9656    25.6105 9.7680e-02      2.220    1482.80     26.703     2.5267 271.543005    6.62709     71.379     1.3484  34.737686  0.000e+00
     70.718     8.4450    32.9652    25.6102 9.7680e-02      2.234    1482.80     26.706     2.5271 271.543005    6.62710     71.403     1.3484  34.737380  0.000e+00
     70.743     8.4452    32.9648    25.6099 9.7680e-02      2.242    1482.80     26.711     2.5275 271.543006    6.62710     71.428     1.3484  34.737134  0.000e+00
     70.756     8.4453    32.9650    25.6100 9.7680e-02      2.212    1482.81     26.705     2.5269 271.543006    6.62707     71.441     1.3789  34.737441  0.000e+00
     70.790     8.4458    32.9645    25.6095 9.7680e-02      2.183    1482.81     26.711     2.5275 271.543007    6.62701     71.476     1.3789  34.737441  0.000e+00
     70.790     8.4458    32.9649    25.6098 9.7680e-02      2.176    1482.81     26.717     2.5281 271.543007    6.62700     71.476     1.3484  34.737748  0.000e+00
     70.826     8.4455    32.9652    25.6101 9.7680e-02      2.212    1482.81     26.725     2.5288 271.543008    6.62704     71.512     1.3789  34.737748  0.000e+00
     70.839     8.4455    32.9650    25.6099 9.7680e-02      2.205    1482.81     26.722     2.5286 271.543008    6.62704     71.525     1.3789  34.737564  0.000e+00
     70.850     8.4452    32.9654    25.6103 9.7680e-02      2.168    1482.81     26.720     2.5284 271.543009    6.62707     71.536     1.3789  34.737687  0.000e+00
     70.901     8.4450    32.9652    25.6101 9.7680e-02      2.132    1482.81     26.719     2.5282 271.543009    6.62710     71.587     1.3789  34.737380  0.000e+00
     70.899     8.4450    32.9654    25.6103 9.7680e-02      2.125    1482.81     26.717     2.5281 271.543010    6.62709     71.586     1.3484  34.737626  0.000e+00
     70.923     8.4450    32.9653    25.6103 9.7680e-02      2.147    1482.81     26.716     2.5280 271.543010    6.62710     71.610     1.3484  34.737564  0.000e+00
     70.948     8.4453    32.9655    25.6104 9.7680e-02      2.147    1482.81     26.716     2.5280 271.543011    6.62704     71.635     1.3484  34.737994  0.000e+00
     70.971     8.4452    32.9654    25.6103 9.7680e-02      2.139    1482.81     26.716     2.5280 271.543011    6.62707     71.658     1.3484  34.737810  0.000e+00
     70.984     8.4453    32.9656    25.6104 9.7680e-02      2.147    1482.81     26.717     2.5280 271.543012    6.62704     71.671     1.3484  34.738056  0.000e+00
     71.010     8.4457    32.9650    25.6099 9.7680e-02      2.154    1482.81     26.718     2.5281 271.543012    6.62702     71.698     1.3484  34.737810  0.000e+00
     71.020     8.4448    32.9657    25.6106 9.7680e-02      2.168    1482.81     26.719     2.5283 271.543013    6.62711     71.707     1.3484  34.737810  0.000e+00
     71.044     8.4447    32.9658    25.6107 8.5470e-02      2.154    1482.81     26.721     2.5284 271.543013    6.62713     71.732     1.3484  34.737749  0.000e+00
     71.068     8.4447    32.9656    25.6105 9.7680e-02      2.139    1482.81     26.723     2.5287 271.543014    6.62714     71.757     1.3484  34.737565  0.000e+00
     71.091     8.4445    32.9661    25.6110 9.7680e-02      2.132    1482.81     26.726     2.5289 271.543014    6.62714     71.780     1.3484  34.737933  0.000e+00
     71.104     8.4447    32.9659    25.6108 9.7680e-02      2.139    1482.81     26.729     2.5292 271.543015    6.62712     71.793     1.3484  34.737872  0.000e+00
     71.129     8.4448    32.9659    25.6107 9.7680e-02      2.147    1482.81     26.732     2.5295 271.543015    6.62710     71.818     1.3484  34.737995  0.000e+00
