Cruise data/ship_ctd/BN1-Lysakerfjorden_280923_tokt2.cnv
* Sea-Bird SBE 9 Data File:
* FileName = C:\CTD Brukere\UiO Kurs\Geo2320 2023\BN1-Lysakerfjorden_280923_tokt2.hex
* Software Version Seasave V 7.26.7.121
* Temperature SN = 5352
* Conductivity SN = 3840
* Number of Bytes Per Scan = 31
* Number of Voltage Words = 5
* Number of Scans Averaged by the Deck Unit = 1
* NMEA baud rate = 4800
** Ship: R/V Trygve Braarud
** Cruise:
** Station:
** Operator:
# nquan = 15
# nvalues = 4217                                  
# units = specified
# name 0 = depSM: Depth [salt water, m], lat = 59.90
# name 1 = t090C: Temperature [ITS-90, deg C]
# name 2 = sal00: Salinity, Practical [PSU]
# name 3 = sigma-t00: Density [sigma-t, kg/m^3 ]
# name 4 = flSP: Fluorescence, Seapoint
# name 5 = seaTurbMtr: Turbidity, Seapoint [FTU]
# name 6 = svCM: Sound Velocity [Chen-Millero, m/s]
# name 7 = sbeox0PS: Oxygen, SBE 43 [% saturation]
# name 8 = sbeox0Mg/L: Oxygen, SBE 43 [mg/l]
# name 9 = timeJ: Julian Days
# name 10 = oxsatML/L: Oxygen Saturation, Weiss [ml/l]
# name 11 = prDM: Pressure, Digiquartz [db]
# name 12 = wetStar: Fluorescence, WET Labs WETstar [mg/m^3]
# name 13 = c0mS/cm: Conductivity [mS/cm]
# name 14 = flag:  0.000e+00
# span 0 =      0.628,     81.108                 
# span 1 =     8.4364,    15.5644                 
# span 2 =    14.9030,    32.9759                 
# span 3 =    10.4436,    25.6198                 
# span 4 = 8.5470e-02, 1.3529e+01                 
# span 5 =      1.758,     27.663                 
# span 6 =    1482.59,    1495.20                 
# span 7 =     25.241,     86.407                 
# span 8 =     2.3685,     7.8648                 
# span 9 = 271.541343, 271.543376                 
# span 10 =    6.05325,    6.62800                
# span 11 =      0.634,     81.895                
# span 12 =     1.3178,     5.2861                
# span 13 =  20.019184,  34.909380                
# span 14 = 0.0000e+00, 0.0000e+00                
# interval = seconds: 0.0416667
# start_time = Sep 28 2023 12:59:32 [System UTC, first data scan.]
# bad_flag = -9.990e-29
*END*
[from data line 3470]
     71.176     8.4448    32.9653    25.6103 9.7680e-02      2.154    1482.81     26.741     2.5303 271.543016    6.62713     71.865     1.3789  34.737442  0.000e+00
     71.189     8.4452    32.9653    25.6102 9.7680e-02      2.147    1482.81     26.746     2.5308 271.543016    6.62708     71.878     1.3484  34.737750  0.000e+00
     71.200     8.4455    32.9650    25.6099 9.7680e-02      2.147    1482.81     26.751     2.5313 271.543017    6.62704     71.890     1.3484  34.737750  0.000e+00
     71.225     8.4453    32.9652    25.6101 9.7680e-02      2.183    1482.81     26.757     2.5318 271.543017    6.62706     71.914     1.3484  34.737811  0.000e+00
     71.249     8.4450    32.9654    25.6103 9.7680e-02      2.190    1482.81     26.752     2.5314 271.543018    6.62709     71.939     1.3484  34.737750  0.000e+00
     71.273     8.4452    32.9650    25.6100 9.7680e-02      2.161    1482.81     26.758     2.5320 271.543018    6.62709     71.964     1.3484  34.737566  0.000e+00
     71.262     8.4452    32.9654    25.6103 9.7680e-02      2.147    1482.81     26.688     2.5254 271.543019    6.62707     71.952     1.3484  34.737934  0.000e+00
     71.321     8.4455    32.9648    25.6098 8.5470e-02      2.154    1482.82     26.675     2.5241 271.543019    6.62704     72.011     1.3484  34.737689  0.000e+00
     71.321     8.4453    32.9648    25.6098 9.7680e-02      2.168    1482.81     26.737     2.5300 271.543020    6.62708     72.011     1.3484  34.737443  0.000e+00
     71.358     8.4455    32.9649    25.6099 8.5470e-02      2.183    1482.82     26.734     2.5297 271.543020    6.62705     72.049     1.3484  34.737750  0.000e+00
     71.381     8.4453    32.9653    25.6102 9.7680e-02      2.183    1482.82     26.655     2.5222 271.543021    6.62705     72.072     1.3484  34.737996  0.000e+00
     71.405     8.4453    32.9650    25.6099 8.5470e-02      2.168    1482.82     26.729     2.5292 271.543021    6.62707     72.097     1.3484  34.737689  0.000e+00
     71.441     8.4457    32.9649    25.6098 9.7680e-02      2.168    1482.82     26.738     2.5301 271.543022    6.62702     72.133     1.3484  34.737935  0.000e+00
     71.454     8.4457    32.9646    25.6096 9.7680e-02      2.161    1482.82     26.671     2.5237 271.543022    6.62703     72.146     1.3484  34.737689  0.000e+00
     71.479     8.4455    32.9648    25.6098 9.7680e-02      2.154    1482.82     26.747     2.5309 271.543023    6.62705     72.171     1.3484  34.737689  0.000e+00
     71.505     8.4453    32.9651    25.6100 8.5470e-02      2.139    1482.82     26.681     2.5247 271.543023    6.62706     72.197     1.3484  34.737812  0.000e+00
     71.514     8.4448    32.9655    25.6104 9.7680e-02      2.117    1482.82     26.682     2.5248 271.543024    6.62712     72.207     1.3484  34.737751  0.000e+00
     71.550     8.4445    32.9655    25.6105 8.5470e-02      2.139    1482.82     26.673     2.5240 271.543024    6.62716     72.243     1.3484  34.737567  0.000e+00
     71.563     8.4445    32.9657    25.6106 9.7680e-02      2.256    1482.82     26.676     2.5242 271.543025    6.62716     72.256     1.3789  34.737751  0.000e+00
     71.599     8.4439    32.9660    25.6110 8.5470e-02      2.359    1482.82     26.755     2.5317 271.543025    6.62724     72.293     1.3789  34.737505  0.000e+00
     71.635     8.4432    32.9664    25.6113 8.5470e-02      2.344    1482.81     26.682     2.5249 271.543026    6.62732     72.329     1.3484  34.737260  0.000e+00
     71.646     8.4429    32.9668    25.6117 9.7680e-02      2.278    1482.81     26.675     2.5242 271.543026    6.62735     72.340     1.3484  34.737383  0.000e+00
     71.684     8.4432    32.9669    25.6117 8.5470e-02      2.234    1482.82     26.680     2.5246 271.543027    6.62730     72.378     1.3484  34.737751  0.000e+00
     71.695     8.4431    32.9667    25.6117 8.5470e-02      2.227    1482.81     26.674     2.5241 271.543027    6.62733     72.390     1.3484  34.737506  0.000e+00
     71.708     8.4432    32.9669    25.6117 9.7680e-02      2.205    1482.82     26.669     2.5236 271.543028    6.62730     72.403     1.3484  34.737751  0.000e+00
     71.744     8.4434    32.9670    25.6118 9.7680e-02      2.176    1482.82     26.664     2.5231 271.543028    6.62727     72.439     1.3484  34.737997  0.000e+00
     71.757     8.4437    32.9668    25.6116 9.7680e-02      2.161    1482.82     26.660     2.5227 271.543029    6.62723     72.452     1.3484  34.738120  0.000e+00
     71.768     8.4444    32.9663    25.6112 9.7680e-02      2.154    1482.82     26.656     2.5223 271.543029    6.62715     72.464     1.3484  34.738304  0.000e+00
     71.804     8.4444    32.9662    25.6110 8.5470e-02      2.139    1482.82     26.652     2.5220 271.543030    6.62716     72.500     1.3484  34.738181  0.000e+00
     71.829     8.4444    32.9661    25.6109 9.7680e-02      2.125    1482.82     26.649     2.5217 271.543030    6.62716     72.524     1.3484  34.738059  0.000e+00
     71.864     8.4439    32.9663    25.6112 9.7680e-02      2.117    1482.82     26.647     2.5215 271.543030    6.62723     72.561     1.3484  34.737875  0.000e+00
     71.876     8.4437    32.9663    25.6112 9.7680e-02      2.110    1482.82     26.645     2.5213 271.543031    6.62725     72.572     1.3789  34.737752  0.000e+00
     71.900     8.4440    32.9666    25.6114 8.5470e-02      2.103    1482.82     26.643     2.5211 271.543031    6.62719     72.597     1.3789  34.738305  0.000e+00
     71.913     8.4452    32.9661    25.6109 9.7680e-02      2.110    1482.83     26.642     2.5210 271.543032    6.62704     72.610     1.3789  34.738857  0.000e+00
     71.949     8.4465    32.9656    25.6103 9.7680e-02      2.117    1482.83     26.641     2.5208 271.543032    6.62687     72.646     1.3789  34.739533  0.000e+00
     71.949     8.4473    32.9655    25.6101 9.7680e-02      2.147    1482.83     26.641     2.5207 271.543033    6.62675     72.646     1.3484  34.740147  0.000e+00
     71.996     8.4485    32.9642    25.6089 8.5470e-02      2.198    1482.84     26.641     2.5207 271.543033    6.62661     72.694     1.3789  34.740085  0.000e+00
     71.996     8.4488    32.9635    25.6083 9.7680e-02      2.242    1482.84     26.641     2.5207 271.543034    6.62660     72.694     1.3484  34.739717  0.000e+00
     72.034     8.4477    32.9640    25.6088 9.7680e-02      2.286    1482.83     26.642     2.5209 271.543034    6.62674     72.732     1.3484  34.739226  0.000e+00
     72.069     8.4467    32.9648    25.6096 9.7680e-02      2.278    1482.83     26.644     2.5211 271.543035    6.62687     72.768     1.3484  34.738980  0.000e+00
     72.069     8.4458    32.9647    25.6096 9.7680e-02      2.234    1482.83     26.645     2.5213 271.543035    6.62701     72.768     1.3484  34.738121  0.000e+00
     72.105     8.4445    32.9660    25.6108 9.7680e-02      2.190    1482.83     26.648     2.5216 271.543036    6.62714     72.804     1.3484  34.738244  0.000e+00
     72.130     8.4436    32.9668    25.6116 9.7680e-02      2.183    1482.82     26.651     2.5219 271.543036    6.62725     72.828     1.3484  34.738183  0.000e+00
     72.154     8.4437    32.9668    25.6116 9.7680e-02      2.183    1482.82     26.654     2.5221 271.543037    6.62723     72.853     1.3789  34.738306  0.000e+00
     72.180     8.4436    32.9670    25.6118 9.7680e-02      2.176    1482.83     26.657     2.5225 271.543037    6.62724     72.879     1.3789  34.738428  0.000e+00
     72.190     8.4448    32.9663    25.6111 9.7680e-02      2.161    1482.83     26.661     2.5228 271.543038    6.62708     72.889     1.3789  34.738858  0.000e+00
     72.226     8.4450    32.9660    25.6108 9.7680e-02      2.147    1482.83     26.589     2.5160 271.543038    6.62707     72.925     1.3789  34.738797  0.000e+00
     72.226     8.4447    32.9665    25.6112 8.5470e-02      2.139    1482.83     26.660     2.5227 271.543039    6.62710     72.925     1.3789  34.738920  0.000e+00
     72.262     8.4448    32.9665    25.6112 9.7680e-02      2.139    1482.83     26.666     2.5233 271.543039    6.62708     72.962     1.3789  34.739043  0.000e+00
     72.299     8.4445    32.9664    25.6112 9.7680e-02      2.161    1482.83     26.672     2.5239 271.543040    6.62713     72.999     1.3789  34.738736  0.000e+00
     72.299     8.4442    32.9669    25.6117 9.7680e-02      2.205    1482.83     26.679     2.5245 271.543040    6.62715     72.999     1.3789  34.738981  0.000e+00
     72.323     8.4457    32.9659    25.6106 9.7680e-02      2.227    1482.83     26.686     2.5251 271.543041    6.62697     73.024     1.3789  34.739288  0.000e+00
     72.359     8.4468    32.9656    25.6103 1.0989e-01      2.234    1482.84     26.693     2.5258 271.543041    6.62682     73.060     1.3789  34.740025  0.000e+00
     72.359     8.4487    32.9642    25.6088 9.7680e-02      2.234    1482.84     26.701     2.5264 271.543042    6.62659     73.060     1.3484  34.740332  0.000e+00
     72.395     8.4500    32.9631    25.6078 9.7680e-02      2.212    1482.85     26.710     2.5271 271.543042    6.62644     73.096     1.3789  34.740516  0.000e+00
     72.406     8.4506    32.9622    25.6070 9.7680e-02      2.168    1482.85     26.707     2.5269 271.543043    6.62639     73.108     1.3789  34.740209  0.000e+00
     72.444     8.4511    32.9620    25.6067 9.7680e-02      2.147    1482.85     26.629     2.5195 271.543043    6.62632     73.146     1.3789  34.740455  0.000e+00
     72.455     8.4511    32.9619    25.6067 9.7680e-02      2.125    1482.85     26.704     2.5266 271.543043    6.62632     73.157     1.3789  34.740393  0.000e+00
     72.480     8.4498    32.9627    25.6075 9.7680e-02      2.110    1482.85     26.714     2.5275 271.543044    6.62648     73.182     1.3789  34.740025  0.000e+00
     72.504     8.4492    32.9630    25.6079 8.5470e-02      2.117    1482.85     26.713     2.5275 271.543044    6.62657     73.207     1.3484  34.739780  0.000e+00
     72.515     8.4480    32.9642    25.6089 9.7680e-02      2.132    1482.84     26.647     2.5213 271.543045    6.62669     73.218     1.3484  34.739841  0.000e+00
     72.540     8.4471    32.9652    25.6099 9.7680e-02      2.139    1482.84     26.648     2.5214 271.543045    6.62679     73.243     1.3484  34.740026  0.000e+00
     72.564     8.4458    32.9661    25.6108 9.7680e-02      2.168    1482.84     26.638     2.5206 271.543046    6.62694     73.267     1.3484  34.739719  0.000e+00
     72.589     8.4452    32.9662    25.6109 9.7680e-02      2.161    1482.84     26.640     2.5208 271.543046    6.62704     73.292     1.3484  34.739228  0.000e+00
     72.612     8.4455    32.9662    25.6108 9.7680e-02      2.161    1482.84     26.708     2.5272 271.543047    6.62699     73.315     1.3484  34.739474  0.000e+00
     72.636     8.4453    32.9662    25.6109 9.7680e-02      2.161    1482.84     26.634     2.5202 271.543047    6.62701     73.340     1.3484  34.739412  0.000e+00
     72.660     8.4445    32.9664    25.6112 9.7680e-02      2.168    1482.84     26.702     2.5267 271.543048    6.62713     73.364     1.3484  34.738860  0.000e+00
     72.673     8.4444    32.9666    25.6114 9.7680e-02      2.168    1482.84     26.629     2.5198 271.543048    6.62714     73.378     1.3484  34.738983  0.000e+00
     72.709     8.4440    32.9672    25.6119 9.7680e-02      2.168    1482.84     26.633     2.5201 271.543049    6.62717     73.414     1.3789  34.739228  0.000e+00
     72.721     8.4440    32.9669    25.6116 9.7680e-02      2.154    1482.84     26.626     2.5195 271.543049    6.62718     73.425     1.3484  34.738921  0.000e+00
     72.745     8.4434    32.9675    25.6122 9.7680e-02      2.139    1482.83     26.620     2.5190 271.543050    6.62725     73.450     1.3484  34.738922  0.000e+00
     72.769     8.4431    32.9676    25.6123 9.7680e-02      2.132    1482.83     26.615     2.5185 271.543050    6.62729     73.475     1.3484  34.738799  0.000e+00
     72.794     8.4429    32.9673    25.6122 8.5470e-02      2.147    1482.83     26.609     2.5180 271.543051    6.62732     73.499     1.3484  34.738431  0.000e+00
     72.805     8.4424    32.9681    25.6128 9.7680e-02      2.168    1482.83     26.605     2.5176 271.543051    6.62737     73.511     1.3484  34.738676  0.000e+00
     72.841     8.4423    32.9679    25.6127 9.7680e-02      2.183    1482.83     26.600     2.5172 271.543052    6.62740     73.547     1.3484  34.738431  0.000e+00
     72.854     8.4421    32.9678    25.6127 9.7680e-02      2.176    1482.83     26.597     2.5168 271.543052    6.62743     73.560     1.3484  34.738185  0.000e+00
     72.879     8.4424    32.9679    25.6127 9.7680e-02      2.154    1482.83     26.593     2.5165 271.543053    6.62738     73.585     1.3484  34.738554  0.000e+00
     72.879     8.4429    32.9676    25.6124 9.7680e-02      2.139    1482.83     26.590     2.5162 271.543053    6.62731     73.585     1.3484  34.738738  0.000e+00
     72.947     8.4432    32.9678    25.6124 9.7680e-02      2.139    1482.84     26.588     2.5159 271.543054    6.62726     73.654     1.3484  34.739168  0.000e+00
     72.950     8.4448    32.9668    25.6114 9.7680e-02      2.147    1482.84     26.585     2.5156 271.543054    6.62706     73.657     1.3484  34.739659  0.000e+00
     72.962     8.4455    32.9659    25.6107 9.7680e-02      2.139    1482.84     26.584     2.5154 271.543055    6.62700     73.669     1.3484  34.739413  0.000e+00
     72.986     8.4447    32.9669    25.6116 9.7680e-02      2.125    1482.84     26.583     2.5153 271.543055    6.62708     73.693     1.3484  34.739659  0.000e+00
     73.010     8.4437    32.9670    25.6118 9.7680e-02      2.117    1482.84     26.582     2.5153 271.543056    6.62722     73.718     1.3484  34.738922  0.000e+00
     73.023     8.4437    32.9673    25.6120 9.7680e-02      2.110    1482.84     26.581     2.5153 271.543056    6.62721     73.731     1.3789  34.739229  0.000e+00
     73.059     8.4434    32.9674    25.6122 9.7680e-02      2.117    1482.84     26.582     2.5153 271.543057    6.62725     73.767     1.3484  34.739045  0.000e+00
     73.071     8.4432    32.9681    25.6127 9.7680e-02      2.139    1482.84     26.582     2.5154 271.543057    6.62725     73.779     1.3484  34.739537  0.000e+00
     73.095     8.4431    32.9689    25.6133 9.7680e-02      2.154    1482.84     26.583     2.5154 271.543057    6.62724     73.803     1.3178  34.740151  0.000e+00
     73.119     8.4431    32.9686    25.6131 9.7680e-02      2.154    1482.84     26.584     2.5156 271.543058    6.62725     73.828     1.3484  34.739905  0.000e+00
     73.155     8.4436    32.9676    25.6123 9.7680e-02      2.168    1482.84     26.586     2.5157 271.543058    6.62722     73.864     1.3484  34.739414  0.000e+00
     73.155     8.4439    32.9678    25.6124 9.7680e-02      2.176    1482.84     26.588     2.5159 271.543059    6.62716     73.864     1.3484  34.739844  0.000e+00
     73.191     8.4445    32.9674    25.6120 9.7680e-02      2.183    1482.85     26.515     2.5090 271.543059    6.62708     73.900     1.3789  34.740090  0.000e+00
     73.204     8.4452    32.9666    25.6113 9.7680e-02      2.176    1482.85     26.584     2.5155 271.543060    6.62702     73.914     1.3484  34.739905  0.000e+00
     73.216     8.4465    32.9662    25.6108 9.7680e-02      2.176    1482.85     26.588     2.5158 271.543060    6.62684     73.925     1.3484  34.740704  0.000e+00
     73.251     8.4471    32.9654    25.6100 9.7680e-02      2.176    1482.85     26.592     2.5162 271.543061    6.62678     73.961     1.3484  34.740458  0.000e+00
     73.264     8.4476    32.9648    25.6094 9.7680e-02      2.205    1482.86     26.597     2.5166 271.543061    6.62673     73.974     1.3484  34.740335  0.000e+00
     73.297     8.4465    32.9655    25.6102 9.7680e-02      2.249    1482.85     26.592     2.5161 271.543062    6.62687     74.007     1.3484  34.740028  0.000e+00
