Cruise data/ship_ctd/BN1_LYSF_280923_tokt2.cnv
* Sea-Bird SBE 9 Data File:
* FileName = C:\CTD Brukere\UiO Kurs\Geo2320 2023\BN1_LYSF_280923_tokt2.hex
* Software Version Seasave V 7.26.7.121
* Temperature SN = 5352
* Conductivity SN = 3840
* Number of Bytes Per Scan = 31
* Number of Voltage Words = 5
* Number of Scans Averaged by the Deck Unit = 1
* NMEA baud rate = 4800
** Ship: R/V Trygve Braarud
** Cruise:
** Station:
** Operator:
# nquan = 15
# nvalues = 3850                                  
# units = specified
# name 0 = depSM: Depth [salt water, m], lat = 59.90
# name 1 = t090C: Temperature [ITS-90, deg C]
# name 2 = sal00: Salinity, Practical [PSU]
# name 3 = sigma-t00: Density [sigma-t, kg/m^3 ]
# name 4 = flSP: Fluorescence, Seapoint
# name 5 = seaTurbMtr: Turbidity, Seapoint [FTU]
# name 6 = svCM: Sound Velocity [Chen-Millero, m/s]
# name 7 = sbeox0PS: Oxygen, SBE 43 [% saturation]
# name 8 = sbeox0Mg/L: Oxygen, SBE 43 [mg/l]
# name 9 = timeJ: Julian Days
# name 10 = oxsatML/L: Oxygen Saturation, Weiss [ml/l]
# name 11 = prDM: Pressure, Digiquartz [db]
# name 12 = wetStar: Fluorescence, WET Labs WETstar [mg/m^3]
# name 13 = c0mS/cm: Conductivity [mS/cm]
# name 14 = flag:  0.000e+00
# span 0 =      0.672,     80.941                 
# span 1 =     8.4391,    15.5840                 
# span 2 =    15.8913,    32.9716                 
# span 3 =    11.1977,    25.6161                 
# span 4 = 8.5470e-02, 1.2344e+01                 
# span 5 =      1.766,     14.637                 
# span 6 =    1482.61,    1495.69                 
# span 7 =     25.470,     85.523                 
# span 8 =     2.3820,     7.7345                 
# span 9 = 271.466100, 271.467956                 
# span 10 =    6.02865,    6.62774                
# span 11 =      0.679,     81.727                
# span 12 =     1.3178,     4.9808                
# span 13 =  21.236820,  34.910567                
# span 14 = 0.0000e+00, 0.0000e+00                
# interval = seconds: 0.0416667
# start_time = Sep 28 2023 11:11:11 [System UTC, first data scan.]
# bad_flag = -9.990e-29
*END*
[from data line 2892]
     61.860     8.4597    32.9501    25.5961 9.7680e-02      2.059    1482.69     26.829     2.5381 271.467494    6.62554     62.458     1.4094  34.732068  0.000e+00
     61.885     8.4572    32.9519    25.5979 9.7680e-02      2.059    1482.69     26.827     2.5380 271.467495    6.62583     62.483     1.3789  34.731638  0.000e+00
     61.898     8.4542    32.9546    25.6004 9.7680e-02      2.066    1482.68     26.825     2.5380 271.467495    6.62618     62.496     1.3789  34.731454  0.000e+00
     61.934     8.4521    32.9567    25.6025 9.7680e-02      2.066    1482.67     26.823     2.5379 271.467496    6.62640     62.532     1.3789  34.731700  0.000e+00
     61.958     8.4513    32.9571    25.6029 9.7680e-02      2.095    1482.67     26.897     2.5449 271.467496    6.62651     62.557     1.3484  34.731332  0.000e+00
     61.969     8.4510    32.9572    25.6030 9.7680e-02      2.132    1482.67     26.905     2.5457 271.467497    6.62655     62.568     1.3484  34.731148  0.000e+00
     61.994     8.4516    32.9566    25.6024 9.7680e-02      2.147    1482.67     26.837     2.5392 271.467497    6.62648     62.593     1.3484  34.731148  0.000e+00
     62.018     8.4522    32.9560    25.6019 8.5470e-02      2.139    1482.68     26.834     2.5389 271.467498    6.62641     62.618     1.3789  34.731148  0.000e+00
     62.041     8.4526    32.9559    25.6017 9.7680e-02      2.147    1482.68     26.831     2.5386 271.467498    6.62636     62.641     1.3789  34.731394  0.000e+00
     62.054     8.4532    32.9554    25.6013 9.7680e-02      2.147    1482.68     26.828     2.5382 271.467499    6.62629     62.654     1.3789  34.731517  0.000e+00
     62.090     8.4531    32.9557    25.6015 9.7680e-02      2.125    1482.68     26.825     2.5380 271.467499    6.62629     62.690     1.3484  34.731701  0.000e+00
     62.103     8.4529    32.9563    25.6020 9.7680e-02      2.095    1482.68     26.822     2.5377 271.467500    6.62630     62.703     1.3789  34.732069  0.000e+00
     62.139     8.4527    32.9560    25.6018 9.7680e-02      2.088    1482.68     26.819     2.5374 271.467500    6.62634     62.739     1.3789  34.731640  0.000e+00
     62.150     8.4525    32.9560    25.6018 9.7680e-02      2.088    1482.68     26.816     2.5372 271.467500    6.62637     62.751     1.3789  34.731456  0.000e+00
     62.174     8.4526    32.9564    25.6021 9.7680e-02      2.103    1482.68     26.813     2.5369 271.467501    6.62634     62.775     1.3789  34.731885  0.000e+00
     62.181     8.4527    32.9562    25.6020 8.5470e-02      2.095    1482.68     26.886     2.5438 271.467501    6.62633     62.782     1.3789  34.731885  0.000e+00
     62.235     8.4524    32.9563    25.6021 9.7680e-02      2.081    1482.68     26.893     2.5445 271.467502    6.62637     62.836     1.3789  34.731763  0.000e+00
     62.246     8.4532    32.9562    25.6019 9.7680e-02      2.051    1482.68     26.899     2.5450 271.467502    6.62625     62.847     1.3484  34.732315  0.000e+00
     62.259     8.4534    32.9561    25.6018 9.7680e-02      2.037    1482.68     26.906     2.5456 271.467503    6.62623     62.861     1.3484  34.732377  0.000e+00
     62.283     8.4531    32.9562    25.6019 1.0989e-01      2.022    1482.68     26.835     2.5390 271.467503    6.62628     62.885     1.3484  34.732193  0.000e+00
     62.319     8.4532    32.9561    25.6018 1.0989e-01      2.029    1482.68     26.831     2.5385 271.467504    6.62625     62.921     1.3484  34.732316  0.000e+00
     62.344     8.4543    32.9544    25.6003 9.7680e-02      2.051    1482.69     26.902     2.5452 271.467504    6.62616     62.946     1.3484  34.731702  0.000e+00
     62.355     8.4540    32.9552    25.6010 9.7680e-02      2.073    1482.69     26.907     2.5457 271.467505    6.62618     62.958     1.3484  34.732131  0.000e+00
     62.391     8.4534    32.9558    25.6016 9.7680e-02      2.168    1482.69     26.912     2.5462 271.467505    6.62625     62.994     1.3789  34.732193  0.000e+00
     62.404     8.4526    32.9565    25.6022 9.7680e-02      2.374    1482.68     26.917     2.5467 271.467506    6.62634     63.007     1.3789  34.732070  0.000e+00
     62.428     8.4514    32.9573    25.6030 8.5470e-02      2.396    1482.68     26.921     2.5471 271.467506    6.62647     63.031     1.3789  34.731886  0.000e+00
     62.464     8.4513    32.9571    25.6029 8.5470e-02      2.286    1482.68     26.924     2.5475 271.467507    6.62651     63.068     1.3789  34.731580  0.000e+00
     62.475     8.4518    32.9569    25.6027 9.7680e-02      2.190    1482.68     26.927     2.5477 271.467507    6.62643     63.079     1.3789  34.731886  0.000e+00
     62.500     8.4514    32.9573    25.6030 9.7680e-02      2.132    1482.68     26.930     2.5480 271.467508    6.62648     63.104     1.3789  34.731887  0.000e+00
     62.535     8.4506    32.9579    25.6036 9.7680e-02      2.103    1482.68     26.932     2.5483 271.467508    6.62657     63.140     1.3484  34.731764  0.000e+00
     62.548     8.4501    32.9587    25.6043 9.7680e-02      2.088    1482.68     26.858     2.5412 271.467509    6.62661     63.153     1.3484  34.732071  0.000e+00
     62.571     8.4501    32.9584    25.6041 8.5470e-02      2.095    1482.68     26.936     2.5487 271.467509    6.62662     63.176     1.3484  34.731826  0.000e+00
     62.596     8.4510    32.9581    25.6037 9.7680e-02      2.110    1482.68     26.938     2.5488 271.467510    6.62651     63.201     1.3484  34.732317  0.000e+00
     62.620     8.4529    32.9567    25.6023 8.5470e-02      2.212    1482.69     26.939     2.5488 271.467510    6.62629     63.225     1.3484  34.732624  0.000e+00
     62.656     8.4527    32.9565    25.6022 9.7680e-02      2.256    1482.69     26.940     2.5489 271.467511    6.62632     63.261     1.3484  34.732317  0.000e+00
     62.680     8.4518    32.9571    25.6028 9.7680e-02      2.264    1482.69     26.941     2.5490 271.467511    6.62643     63.286     1.3484  34.732071  0.000e+00
     62.692     8.4522    32.9570    25.6026 9.7680e-02      2.308    1482.69     26.941     2.5490 271.467512    6.62637     63.298     1.3789  34.732378  0.000e+00
     62.716     8.4529    32.9561    25.6018 9.7680e-02      2.308    1482.69     26.941     2.5489 271.467512    6.62631     63.322     1.3484  34.732133  0.000e+00
     62.740     8.4534    32.9559    25.6016 8.5470e-02      2.293    1482.69     26.940     2.5488 271.467513    6.62624     63.347     1.3484  34.732378  0.000e+00
     62.765     8.4531    32.9561    25.6019 8.5470e-02      2.293    1482.69     26.939     2.5487 271.467513    6.62628     63.371     1.3484  34.732378  0.000e+00
     62.789     8.4519    32.9573    25.6029 8.5470e-02      2.286    1482.69     26.937     2.5486 271.467514    6.62640     63.396     1.3789  34.732440  0.000e+00
     62.814     8.4515    32.9570    25.6027 9.7680e-02      2.242    1482.69     26.935     2.5485 271.467514    6.62648     63.421     1.3789  34.731765  0.000e+00
     62.836     8.4516    32.9572    25.6029 9.7680e-02      2.205    1482.69     26.943     2.5493 271.467514    6.62645     63.444     1.3484  34.732133  0.000e+00
     62.861     8.4519    32.9572    25.6029 9.7680e-02      2.205    1482.69     26.952     2.5500 271.467515    6.62640     63.468     1.3484  34.732440  0.000e+00
     62.885     8.4514    32.9576    25.6033 9.7680e-02      2.315    1482.69     26.949     2.5498 271.467515    6.62646     63.493     1.3484  34.732379  0.000e+00
     62.901     8.4518    32.9574    25.6030 9.7680e-02      2.374    1482.69     26.946     2.5495 271.467516    6.62642     63.509     1.3789  34.732440  0.000e+00
     62.934     8.4522    32.9574    25.6029 9.7680e-02      2.366    1482.69     26.943     2.5492 271.467516    6.62635     63.542     1.3789  34.732870  0.000e+00
     62.945     8.4532    32.9564    25.6020 9.7680e-02      2.447    1482.69     26.950     2.5498 271.467517    6.62625     63.554     1.3484  34.732809  0.000e+00
     62.981     8.4534    32.9563    25.6020 9.7680e-02      2.440    1482.70     26.957     2.5504 271.467517    6.62622     63.590     1.3484  34.732932  0.000e+00
     62.994     8.4540    32.9556    25.6013 9.7680e-02      2.330    1482.70     26.953     2.5500 271.467518    6.62616     63.603     1.3789  34.732809  0.000e+00
     63.006     8.4537    32.9560    25.6017 9.7680e-02      2.227    1482.70     26.949     2.5496 271.467518    6.62619     63.615     1.3789  34.732932  0.000e+00
     63.054     8.4521    32.9572    25.6028 9.7680e-02      2.154    1482.69     26.944     2.5493 271.467519    6.62638     63.664     1.3789  34.732625  0.000e+00
     63.066     8.4518    32.9575    25.6031 9.7680e-02      2.117    1482.69     26.939     2.5488 271.467519    6.62642     63.675     1.3484  34.732625  0.000e+00
     63.079     8.4511    32.9579    25.6036 9.7680e-02      2.088    1482.69     26.944     2.5494 271.467520    6.62649     63.688     1.3484  34.732503  0.000e+00
     63.115     8.4508    32.9584    25.6040 9.7680e-02      2.066    1482.69     26.950     2.5499 271.467520    6.62653     63.725     1.3484  34.732626  0.000e+00
     63.139     8.4510    32.9583    25.6039 9.7680e-02      2.073    1482.69     26.944     2.5493 271.467521    6.62650     63.749     1.3484  34.732748  0.000e+00
     63.162     8.4513    32.9579    25.6035 9.7680e-02      2.095    1482.69     26.938     2.5488 271.467521    6.62646     63.772     1.3484  34.732687  0.000e+00
     63.186     8.4516    32.9575    25.6031 9.7680e-02      2.110    1482.69     26.932     2.5481 271.467522    6.62644     63.797     1.3484  34.732503  0.000e+00
     63.199     8.4508    32.9584    25.6040 9.7680e-02      2.125    1482.69     26.925     2.5475 271.467522    6.62652     63.810     1.3484  34.732687  0.000e+00
     63.235     8.4505    32.9587    25.6042 9.7680e-02      2.147    1482.69     26.917     2.5468 271.467523    6.62656     63.846     1.3484  34.732687  0.000e+00
     63.246     8.4501    32.9591    25.6046 8.5470e-02      2.132    1482.69     26.910     2.5461 271.467523    6.62659     63.858     1.3484  34.732749  0.000e+00
     63.284     8.4492    32.9596    25.6051 9.7680e-02      2.110    1482.69     26.902     2.5454 271.467524    6.62671     63.895     1.3484  34.732442  0.000e+00
     63.295     8.4487    32.9598    25.6054 9.7680e-02      2.088    1482.69     26.893     2.5446 271.467524    6.62678     63.907     1.3484  34.732197  0.000e+00
     63.323     8.4482    32.9604    25.6059 9.7680e-02      2.073    1482.69     26.884     2.5438 271.467525    6.62683     63.935     1.3484  34.732320  0.000e+00
     63.344     8.4480    32.9606    25.6061 9.7680e-02      2.073    1482.69     26.885     2.5439 271.467525    6.62684     63.956     1.3484  34.732442  0.000e+00
     63.380     8.4487    32.9599    25.6055 9.7680e-02      2.081    1482.69     26.887     2.5440 271.467526    6.62677     63.992     1.3484  34.732381  0.000e+00
     63.391     8.4492    32.9598    25.6053 9.7680e-02      2.081    1482.69     26.888     2.5441 271.467526    6.62670     64.004     1.3484  34.732688  0.000e+00
     63.415     8.4492    32.9598    25.6053 9.7680e-02      2.081    1482.69     26.889     2.5443 271.467527    6.62670     64.028     1.3484  34.732688  0.000e+00
     63.440     8.4497    32.9596    25.6051 9.7680e-02      2.088    1482.69     26.880     2.5433 271.467527    6.62663     64.053     1.3484  34.732995  0.000e+00
     63.464     8.4501    32.9595    25.6049 9.7680e-02      2.081    1482.70     26.870     2.5424 271.467527    6.62658     64.078     1.3178  34.733241  0.000e+00
     63.476     8.4501    32.9593    25.6048 9.7680e-02      2.073    1482.70     26.870     2.5424 271.467528    6.62658     64.089     1.3484  34.733118  0.000e+00
     63.511     8.4503    32.9590    25.6045 9.7680e-02      2.073    1482.70     26.871     2.5425 271.467528    6.62657     64.125     1.3484  34.732995  0.000e+00
     63.524     8.4501    32.9592    25.6047 9.7680e-02      2.066    1482.70     26.872     2.5425 271.467529    6.62659     64.139     1.3484  34.733057  0.000e+00
     63.547     8.4500    32.9592    25.6047 8.5470e-02      2.051    1482.70     26.872     2.5426 271.467529    6.62661     64.162     1.3484  34.732873  0.000e+00
     63.577     8.4500    32.9595    25.6049 9.7680e-02      2.066    1482.70     26.873     2.5426 271.467530    6.62660     64.191     1.3789  34.733180  0.000e+00
     63.596     8.4510    32.9587    25.6042 9.7680e-02      2.139    1482.70     26.873     2.5426 271.467530    6.62648     64.211     1.3789  34.733364  0.000e+00
     63.620     8.4548    32.9556    25.6012 9.7680e-02      2.168    1482.71     26.873     2.5425 271.467531    6.62604     64.235     1.3789  34.733793  0.000e+00
     63.632     8.4556    32.9549    25.6005 8.5470e-02      2.147    1482.71     26.874     2.5425 271.467531    6.62595     64.247     1.3789  34.733793  0.000e+00
     63.656     8.4545    32.9557    25.6013 9.7680e-02      2.117    1482.71     26.874     2.5426 271.467532    6.62608     64.272     1.3789  34.733671  0.000e+00
     63.692     8.4534    32.9568    25.6023 8.5470e-02      2.095    1482.71     26.864     2.5417 271.467532    6.62620     64.308     1.3484  34.733671  0.000e+00
     63.716     8.4522    32.9573    25.6029 9.7680e-02      2.095    1482.71     26.864     2.5417 271.467533    6.62635     64.332     1.3484  34.733180  0.000e+00
     63.729     8.4510    32.9584    25.6039 9.7680e-02      2.088    1482.70     26.864     2.5418 271.467533    6.62650     64.346     1.3484  34.733057  0.000e+00
     63.752     8.4504    32.9588    25.6044 9.7680e-02      2.081    1482.70     26.865     2.5418 271.467534    6.62657     64.369     1.3789  34.732996  0.000e+00
     63.768     8.4508    32.9588    25.6043 9.7680e-02      2.073    1482.70     26.865     2.5418 271.467534    6.62651     64.385     1.3484  34.733303  0.000e+00
     63.801     8.4508    32.9588    25.6043 9.7680e-02      2.073    1482.70     26.865     2.5418 271.467535    6.62651     64.418     1.3789  34.733303  0.000e+00
     63.825     8.4511    32.9585    25.6040 9.7680e-02      2.059    1482.70     26.865     2.5418 271.467535    6.62647     64.442     1.3789  34.733365  0.000e+00
     63.837     8.4511    32.9590    25.6043 9.7680e-02      2.059    1482.71     26.865     2.5418 271.467536    6.62645     64.454     1.3484  34.733794  0.000e+00
     63.861     8.4510    32.9588    25.6043 9.7680e-02      2.059    1482.70     26.865     2.5418 271.467536    6.62648     64.479     1.3484  34.733549  0.000e+00
     63.886     8.4505    32.9590    25.6045 9.7680e-02      2.073    1482.70     26.865     2.5419 271.467537    6.62654     64.503     1.3484  34.733304  0.000e+00
     63.897     8.4500    32.9595    25.6050 9.7680e-02      2.066    1482.70     26.865     2.5419 271.467537    6.62660     64.515     1.3484  34.733365  0.000e+00
     63.934     8.4498    32.9596    25.6050 9.7680e-02      2.059    1482.70     26.865     2.5419 271.467538    6.62662     64.553     1.3484  34.733304  0.000e+00
     63.949     8.4500    32.9595    25.6050 9.7680e-02      2.066    1482.70     26.865     2.5419 271.467538    6.62660     64.567     1.3484  34.733365  0.000e+00
     63.970     8.4500    32.9596    25.6050 9.7680e-02      2.066    1482.70     26.865     2.5419 271.467539    6.62659     64.589     1.3484  34.733427  0.000e+00
     64.006     8.4498    32.9599    25.6053 9.7680e-02      2.081    1482.70     26.865     2.5419 271.467539    6.62660     64.625     1.3484  34.733611  0.000e+00
     64.006     8.4497    32.9599    25.6053 9.7680e-02      2.103    1482.70     26.865     2.5420 271.467540    6.62663     64.625     1.3484  34.733488  0.000e+00
