Cruise data/ship_ctd/BN1_LYSF_280923_tokt2.cnv
* Sea-Bird SBE 9 Data File:
* FileName = C:\CTD Brukere\UiO Kurs\Geo2320 2023\BN1_LYSF_280923_tokt2.hex
* Software Version Seasave V 7.26.7.121
* Temperature SN = 5352
* Conductivity SN = 3840
* Number of Bytes Per Scan = 31
* Number of Voltage Words = 5
* Number of Scans Averaged by the Deck Unit = 1
* NMEA baud rate = 4800
** Ship: R/V Trygve Braarud
** Cruise:
** Station:
** Operator:
# nquan = 15
# nvalues = 3850                                  
# units = specified
# name 0 = depSM: Depth [salt water, m], lat = 59.90
# name 1 = t090C: Temperature [ITS-90, deg C]
# name 2 = sal00: Salinity, Practical [PSU]
# name 3 = sigma-t00: Density [sigma-t, kg/m^3 ]
# name 4 = flSP: Fluorescence, Seapoint
# name 5 = seaTurbMtr: Turbidity, Seapoint [FTU]
# name 6 = svCM: Sound Velocity [Chen-Millero, m/s]
# name 7 = sbeox0PS: Oxygen, SBE 43 [% saturation]
# name 8 = sbeox0Mg/L: Oxygen, SBE 43 [mg/l]
# name 9 = timeJ: Julian Days
# name 10 = oxsatML/L: Oxygen Saturation, Weiss [ml/l]
# name 11 = prDM: Pressure, Digiquartz [db]
# name 12 = wetStar: Fluorescence, WET Labs WETstar [mg/m^3]
# name 13 = c0mS/cm: Conductivity [mS/cm]
# name 14 = flag:  0.000e+00
# span 0 =      0.672,     80.941                 
# span 1 =     8.4391,    15.5840                 
# span 2 =    15.8913,    32.9716                 
# span 3 =    11.1977,    25.6161                 
# span 4 = 8.5470e-02, 1.2344e+01                 
# span 5 =      1.766,     14.637                 
# span 6 =    1482.61,    1495.69                 
# span 7 =     25.470,     85.523                 
# span 8 =     2.3820,     7.7345                 
# span 9 = 271.466100, 271.467956                 
# span 10 =    6.02865,    6.62774                
# span 11 =      0.679,     81.727                
# span 12 =     1.3178,     4.9808                
# span 13 =  21.236820,  34.910567                
# span 14 = 0.0000e+00, 0.0000e+00                
# interval = seconds: 0.0416667
# start_time = Sep 28 2023 11:11:11 [System UTC, first data scan.]
# bad_flag = -9.990e-29
*END*
[from data line 868]
     16.607    13.5546    28.1450    20.9836 1.7094e-01      1.868    1494.23     40.243     3.5172 271.466518    6.11154     16.765     1.7452  34.125265  0.000e+00
     16.607    13.5362    28.1763    21.0113 1.9536e-01      1.868    1494.21     40.293     3.5223 271.466519    6.11271     16.765     1.7452  34.144661  0.000e+00
     16.633    13.5457    28.1508    20.9898 2.0757e-01      1.875    1494.21     40.354     3.5275 271.466519    6.11246     16.792     1.7452  34.124412  0.000e+00
     16.655    13.5680    28.0838    20.9338 2.1978e-01      1.883    1494.21     40.420     3.5331 271.466520    6.11213     16.814     1.7452  34.069057  0.000e+00
     16.681    13.5907    28.0128    20.8747 2.1978e-01      1.875    1494.20     40.486     3.5388 271.466520    6.11191     16.841     1.7452  34.009535  0.000e+00
     16.702    13.6094    27.9646    20.8339 2.0757e-01      1.875    1494.20     40.551     3.5441 271.466521    6.11135     16.862     1.7452  33.971600  0.000e+00
     16.715    13.6294    27.9296    20.8030 1.9536e-01      1.883    1494.23     40.616     3.5491 271.466521    6.11012     16.875     1.7147  33.949199  0.000e+00
     16.753    13.6305    27.9234    20.7980 1.7094e-01      1.883    1494.23     40.682     3.5549 271.466522    6.11021     16.913     1.7452  33.943296  0.000e+00
     16.775    13.6002    27.9864    20.8525 1.5873e-01      1.875    1494.20     40.811     3.5670 271.466522    6.11170     16.936     1.7452  33.988222  0.000e+00
     16.800    13.5749    28.0590    20.9133 1.5873e-01      1.868    1494.20     40.874     3.5728 271.466522    6.11219     16.960     1.7452  34.047486  0.000e+00
     16.811    13.5649    28.0883    20.9379 1.5873e-01      1.897    1494.20     40.947     3.5792 271.466523    6.11236     16.972     1.7147  34.071557  0.000e+00
     16.835    13.5646    28.0662    20.9209 1.7094e-01      1.971    1494.18     41.018     3.5860 271.466523    6.11324     16.996     1.7147  34.047122  0.000e+00
     16.860    13.5837    28.0084    20.8726 1.7094e-01      1.978    1494.17     41.089     3.5921 271.466524    6.11298     17.021     1.7147  33.999123  0.000e+00
     16.882    13.6123    27.9403    20.8146 1.7094e-01      1.934    1494.19     41.166     3.5982 271.466524    6.11189     17.043     1.7147  33.947375  0.000e+00
     16.908    13.6342    27.9006    20.7797 1.7094e-01      1.956    1494.22     41.308     3.6099 271.466525    6.11060     17.070     1.7147  33.921269  0.000e+00
     16.918    13.6151    27.9644    20.8326 1.5873e-01      2.015    1494.23     41.379     3.6160 271.466525    6.11062     17.079     1.7147  33.976044  0.000e+00
     16.944    13.6107    27.9912    20.8542 1.4652e-01      2.029    1494.24     41.519     3.6280 271.466526    6.11018     17.106     1.7147  34.001921  0.000e+00
     16.978    13.6196    27.9660    20.8330 1.4652e-01      2.000    1494.25     41.597     3.6348 271.466526    6.10999     17.140     1.7147  33.981462  0.000e+00
     16.991    13.6145    27.9814    20.8458 1.4652e-01      1.963    1494.25     41.665     3.6407 271.466527    6.11006     17.153     1.7147  33.994249  0.000e+00
     17.015    13.6140    27.9911    20.8535 1.4652e-01      1.927    1494.26     41.733     3.6465 271.466527    6.10976     17.178     1.7147  34.004540  0.000e+00
     17.038    13.6253    27.9663    20.8321 1.4652e-01      1.905    1494.27     41.867     3.6579 271.466528    6.10925     17.201     1.7147  33.986332  0.000e+00
     17.051    13.6176    27.9734    20.8391 1.4652e-01      1.890    1494.25     42.004     3.6703 271.466528    6.10996     17.214     1.7147  33.987977  0.000e+00
     17.086    13.6072    27.9784    20.8449 1.5873e-01      1.883    1494.22     42.065     3.6763 271.466529    6.11111     17.250     1.7147  33.985117  0.000e+00
     17.099    13.6337    27.9152    20.7911 1.5873e-01      1.897    1494.23     42.203     3.6878 271.466529    6.11011     17.263     1.7147  33.937029  0.000e+00
     17.122    13.6801    27.8189    20.7079 1.9536e-01      1.919    1494.28     42.274     3.6927 271.466530    6.10782     17.286     1.7147  33.868289  0.000e+00
     17.146    13.7275    27.7495    20.6451 2.5641e-01      1.941    1494.35     42.414     3.7029 271.466530    6.10439     17.310     1.7147  33.829682  0.000e+00
     17.171    13.7142    27.8184    20.7009 2.4420e-01      1.927    1494.39     42.467     3.7069 271.466531    6.10348     17.335     1.7147  33.894982  0.000e+00
     17.182    13.6080    28.0352    20.8886 2.1978e-01      2.007    1494.29     42.574     3.7194 271.466531    6.10885     17.346     1.6841  34.048154  0.000e+00
     17.206    13.5108    28.2158    21.0467 2.0757e-01      2.051    1494.18     42.613     3.7261 271.466532    6.11447     17.371     1.6841  34.167603  0.000e+00
     17.229    13.4650    28.2867    21.1102 1.9536e-01      2.007    1494.11     42.726     3.7379 271.466532    6.11765     17.394     1.7147  34.208128  0.000e+00
     17.244    13.4476    28.2988    21.1229 1.8315e-01      1.956    1494.06     42.771     3.7429 271.466533    6.11942     17.408     1.7147  34.207275  0.000e+00
     17.278    13.4462    28.2856    21.1130 1.7094e-01      1.934    1494.04     42.884     3.7532 271.466533    6.12009     17.443     1.7147  34.191834  0.000e+00
     17.291    13.4564    28.2583    21.0900 1.5873e-01      1.927    1494.05     42.998     3.7630 271.466534    6.11983     17.456     1.7147  34.170171  0.000e+00
     17.313    13.4754    28.2245    21.0602 1.4652e-01      1.912    1494.07     43.039     3.7660 271.466534    6.11867     17.479     1.6841  34.148635  0.000e+00
     17.339    13.5167    28.1603    21.0027 1.5873e-01      1.897    1494.13     43.074     3.7673 271.466535    6.11580     17.505     1.7147  34.111796  0.000e+00
     17.373    13.5771    28.0517    20.9073 1.5873e-01      1.905    1494.21     43.174     3.7738 271.466535    6.11219     17.539     1.7147  34.041457  0.000e+00
     17.386    13.6329    27.9722    20.8352 1.7094e-01      1.963    1494.30     43.270     3.7798 271.466535    6.10806     17.552     1.7147  33.998997  0.000e+00
     17.422    13.6105    28.0442    20.8951 1.5873e-01      1.993    1494.31     43.357     3.7874 271.466536    6.10820     17.588     1.7147  34.060097  0.000e+00
     17.422    13.4650    28.3024    21.1223 1.7094e-01      1.956    1494.13     43.364     3.7934 271.466536    6.11706     17.588     1.7147  34.225281  0.000e+00
     17.457    13.3398    28.5206    21.3148 1.5873e-01      1.919    1493.97     43.372     3.7987 271.466537    6.12485     17.624     1.7147  34.361602  0.000e+00
     17.482    13.3043    28.5773    21.3654 1.5873e-01      1.912    1493.91     43.449     3.8069 271.466537    6.12726     17.649     1.7147  34.394385  0.000e+00
     17.495    13.2937    28.5769    21.3671 1.4652e-01      1.912    1493.88     43.524     3.8144 271.466538    6.12864     17.662     1.7147  34.385334  0.000e+00
     17.517    13.3082    28.5390    21.3351 1.5873e-01      1.905    1493.88     43.532     3.8148 271.466538    6.12821     17.685     1.6841  34.355980  0.000e+00
     17.542    13.3497    28.4612    21.2671 1.4652e-01      1.890    1493.93     43.602     3.8195 271.466539    6.12583     17.709     1.7147  34.305061  0.000e+00
     17.564    13.3901    28.3924    21.2062 1.4652e-01      1.883    1493.99     43.601     3.8179 271.466539    6.12325     17.732     1.7147  34.263027  0.000e+00
     17.577    13.4215    28.3450    21.1636 1.3431e-01      1.883    1494.04     43.660     3.8217 271.466540    6.12101     17.745     1.6841  34.236765  0.000e+00
     17.600    13.4501    28.3005    21.1237 1.4652e-01      1.905    1494.08     43.720     3.8257 271.466540    6.11904     17.768     1.6841  34.211243  0.000e+00
     17.626    13.4732    28.2686    21.0947 1.5873e-01      1.934    1494.12     43.709     3.8237 271.466541    6.11728     17.794     1.7147  34.195189  0.000e+00
     17.649    13.4982    28.2428    21.0700 1.7094e-01      1.934    1494.17     43.765     3.8272 271.466541    6.11506     17.817     1.7147  34.187131  0.000e+00
     17.662    13.5001    28.2497    21.0749 1.8315e-01      1.912    1494.19     43.739     3.8247 271.466542    6.11454     17.830     1.6841  34.196285  0.000e+00
     17.697    13.4769    28.3025    21.1202 1.8315e-01      1.905    1494.17     43.779     3.8287 271.466542    6.11552     17.866     1.6841  34.235233  0.000e+00
     17.722    13.4187    28.3961    21.2036 1.7094e-01      1.897    1494.09     43.745     3.8281 271.466543    6.11944     17.891     1.6841  34.290207  0.000e+00
     17.744    13.3457    28.5057    21.3021 1.5873e-01      1.912    1493.97     43.776     3.8340 271.466543    6.12465     17.914     1.6841  34.350291  0.000e+00
     17.757    13.3171    28.5378    21.3324 1.4652e-01      1.934    1493.92     43.737     3.8321 271.466544    6.12712     17.927     1.6841  34.361972  0.000e+00
     17.780    13.4096    28.3587    21.1764 1.5873e-01      1.956    1494.02     43.770     3.8319 271.466544    6.12203     17.950     1.6841  34.242079  0.000e+00
     17.804    13.6484    27.9712    20.8315 1.7094e-01      1.971    1494.36     43.737     3.8194 271.466545    6.10611     17.974     1.6841  34.010568  0.000e+00
     17.829    13.7957    27.7871    20.6609 1.7094e-01      1.963    1494.64     43.765     3.8145 271.466545    6.09430     17.999     1.6841  33.925635  0.000e+00
     17.853    13.6280    28.0839    20.9223 1.5873e-01      1.956    1494.43     43.713     3.8162 271.466546    6.10446     18.023     1.7147  34.117822  0.000e+00
     17.876    13.4141    28.4366    21.2357 1.7094e-01      1.949    1494.12     43.724     3.8257 271.466546    6.11849     18.046     1.7147  34.330723  0.000e+00
     17.901    13.3132    28.5879    21.3718 1.8315e-01      1.949    1493.96     43.741     3.8316 271.466547    6.12572     18.072     1.6841  34.413226  0.000e+00
     17.888    13.2633    28.6438    21.4246 1.7094e-01      1.963    1493.86     43.687     3.8295 271.466547    6.13002     18.059     1.7147  34.433301  0.000e+00
     17.973    13.2305    28.6756    21.4554 1.4652e-01      2.000    1493.79     43.699     3.8324 271.466548    6.13303     18.144     1.6841  34.441076  0.000e+00
     17.960    13.2286    28.6666    21.4488 1.4652e-01      2.000    1493.77     43.637     3.8274 271.466548    6.13363     18.131     1.6841  34.429694  0.000e+00
     17.984    13.2516    28.6289    21.4153 1.3431e-01      2.007    1493.81     43.650     3.8275 271.466549    6.13210     18.156     1.6841  34.407605  0.000e+00
     17.997    13.2688    28.6034    21.3923 1.3431e-01      2.015    1493.83     43.589     3.8214 271.466549    6.13085     18.169     1.6841  34.393962  0.000e+00
     18.031    13.2550    28.6274    21.4135 1.3431e-01      2.015    1493.82     43.599     3.8228 271.466549    6.13171     18.203     1.6841  34.408767  0.000e+00
     18.055    13.2355    28.6568    21.4399 1.3431e-01      2.007    1493.79     43.535     3.8181 271.466550    6.13311     18.228     1.6536  34.424738  0.000e+00
     18.080    13.2268    28.6735    21.4545 1.3431e-01      2.007    1493.78     43.536     3.8184 271.466550    6.13359     18.252     1.6536  34.435753  0.000e+00
     18.104    13.2051    28.7067    21.4843 1.3431e-01      2.000    1493.74     43.535     3.8193 271.466551    6.13513     18.277     1.6536  34.454055  0.000e+00
     18.115    13.1801    28.7356    21.5113 1.3431e-01      2.000    1493.69     43.541     3.8211 271.466551    6.13725     18.288     1.6231  34.464892  0.000e+00
     18.153    13.1775    28.7308    21.5081 1.3431e-01      2.015    1493.68     43.483     3.8163 271.466552    6.13778     18.326     1.6536  34.457547  0.000e+00
     18.175    13.1823    28.7177    21.4971 1.8315e-01      2.044    1493.68     43.488     3.8167 271.466552    6.13766     18.349     1.6231  34.447325  0.000e+00
     18.188    13.1919    28.7067    21.4868 1.9536e-01      2.051    1493.70     43.428     3.8109 271.466553    6.13684     18.362     1.6536  34.443285  0.000e+00
     18.211    13.1843    28.7207    21.4990 1.7094e-01      2.081    1493.69     43.431     3.8115 271.466553    6.13729     18.385     1.6231  34.452160  0.000e+00
     18.235    13.1647    28.7519    21.5269 1.5873e-01      2.110    1493.66     43.440     3.8131 271.466554    6.13863     18.410     1.6536  34.469975  0.000e+00
     18.271    13.1287    28.8021    21.5725 1.4652e-01      2.161    1493.60     43.375     3.8090 271.466554    6.14137     18.446     1.6231  34.494776  0.000e+00
     18.295    13.0571    28.9002    21.6619 1.3431e-01      2.212    1493.47     43.380     3.8129 271.466555    6.14690     18.470     1.6536  34.542008  0.000e+00
     18.307    13.0059    28.9693    21.7250 1.4652e-01      2.212    1493.38     43.312     3.8093 271.466555    6.15090     18.482     1.6536  34.574431  0.000e+00
     18.342    12.9940    28.9754    21.7320 1.5873e-01      2.205    1493.35     43.317     3.8105 271.466556    6.15220     18.518     1.6536  34.571306  0.000e+00
     18.367    13.0067    28.9526    21.7119 1.4652e-01      2.183    1493.37     43.249     3.8041 271.466556    6.15143     18.542     1.6536  34.557149  0.000e+00
     18.391    13.0152    28.9447    21.7042 1.4652e-01      2.147    1493.39     43.252     3.8039 271.466557    6.15062     18.567     1.6231  34.555616  0.000e+00
     18.415    12.9983    28.9711    21.7278 1.3431e-01      2.117    1493.36     43.189     3.7990 271.466557    6.15181     18.591     1.6231  34.570203  0.000e+00
     18.439    12.9697    29.0055    21.7598 1.4652e-01      2.088    1493.30     43.189     3.8005 271.466558    6.15422     18.616     1.6231  34.583629  0.000e+00
     18.462    12.9349    29.0521    21.8024 1.3431e-01      2.081    1493.24     43.188     3.8020 271.466558    6.15694     18.639     1.5926  34.605212  0.000e+00
     18.486    12.8789    29.1253    21.8695 1.3431e-01      2.073    1493.14     43.119     3.7987 271.466559    6.16144     18.663     1.5926  34.637535  0.000e+00
     18.511    12.8520    29.1562    21.8985 1.3431e-01      2.066    1493.08     43.124     3.8005 271.466559    6.16376     18.688     1.5926  34.648517  0.000e+00
     18.522    12.8485    29.1548    21.8981 1.3431e-01      2.044    1493.07     43.137     3.8019 271.466560    6.16427     18.699     1.6231  34.644101  0.000e+00
     18.559    12.8573    29.1398    21.8848 1.3431e-01      2.022    1493.08     43.075     3.7962 271.466560    6.16370     18.737     1.6231  34.635329  0.000e+00
     18.582    12.8711    29.1215    21.8680 1.3431e-01      2.029    1493.11     43.078     3.7957 271.466561    6.16259     18.760     1.5926  34.627110  0.000e+00
     18.595    12.8779    29.1129    21.8601 1.2210e-01      2.044    1493.12     43.014     3.7898 271.466561    6.16204     18.773     1.6231  34.623491  0.000e+00
     18.642    12.8805    29.1042    21.8529 1.2210e-01      2.059    1493.12     43.021     3.7905 271.466562    6.16203     18.820     1.6231  34.616378  0.000e+00
     18.655    12.9018    29.0665    21.8198 1.3431e-01      2.037    1493.15     42.955     3.7838 271.466562    6.16070     18.833     1.6231  34.593507  0.000e+00
     18.678    12.9440    29.0016    21.7616 1.3431e-01      2.015    1493.22     42.962     3.7826 271.466563    6.15770     18.856     1.5926  34.558444  0.000e+00
     18.702    13.0426    28.8454    21.6223 1.3431e-01      2.000    1493.37     42.896     3.7728 271.466563    6.15086     18.881     1.5926  34.471276  0.000e+00
     18.726    13.1849    28.6620    21.4536 1.2210e-01      2.000    1493.63     42.904     3.7666 271.466563    6.13944     18.905     1.5926  34.389387  0.000e+00
