Cruise data/ship_ctd/BN1_LYSF_280923.cnv
* Sea-Bird SBE 9 Data File:
* FileName = C:\CTD Brukere\UiO Kurs\Geo2320 2023\BN1_LYSF_280923.hex
* Software Version Seasave V 7.26.7.121
* Temperature SN = 5352
* Conductivity SN = 3840
* Number of Bytes Per Scan = 31
* Number of Voltage Words = 5
* Number of Scans Averaged by the Deck Unit = 1
* NMEA baud rate = 4800
** Ship: R/V Trygve Braarud
** Cruise:
** Station:
** Operator:
# nquan = 15
# nvalues = 4984                                  
# units = specified
# name 0 = depSM: Depth [salt water, m], lat = 59.90
# name 1 = t090C: Temperature [ITS-90, deg C]
# name 2 = sal00: Salinity, Practical [PSU]
# name 3 = sigma-t00: Density [sigma-t, kg/m^3 ]
# name 4 = flSP: Fluorescence, Seapoint
# name 5 = seaTurbMtr: Turbidity, Seapoint [FTU]
# name 6 = svCM: Sound Velocity [Chen-Millero, m/s]
# name 7 = sbeox0PS: Oxygen, SBE 43 [% saturation]
# name 8 = sbeox0Mg/L: Oxygen, SBE 43 [mg/l]
# name 9 = timeJ: Julian Days
# name 10 = oxsatML/L: Oxygen Saturation, Weiss [ml/l]
# name 11 = prDM: Pressure, Digiquartz [db]
# name 12 = wetStar: Fluorescence, WET Labs WETstar [mg/m^3]
# name 13 = c0mS/cm: Conductivity [mS/cm]
# name 14 = flag:  0.000e+00
# span 0 =      0.331,     81.165                 
# span 1 =     8.4358,    15.5983                 
# span 2 =    15.4600,    32.9762                 
# span 3 =    10.8979,    25.6202                 
# span 4 = 8.5470e-02, 1.1917e+01                 
# span 5 =      1.780,     27.817                 
# span 6 =    1482.59,    1495.54                 
# span 7 =     24.749,     84.768                 
# span 8 =     2.3184,     7.6341                 
# span 9 = 271.305891, 271.308294                 
# span 10 =    6.04607,    6.62803                
# span 11 =      0.334,     81.953                
# span 12 =     1.3178,     5.1945                
# span 13 =  20.627021,  34.980907                
# span 14 = 0.0000e+00, 0.0000e+00                
# interval = seconds: 0.0416667
# start_time = Sep 28 2023 07:20:29 [System UTC, first data scan.]
# bad_flag = -9.990e-29
*END*
[from data line 3085]
     41.536     8.9142    32.4162    25.1087 9.7680e-02      1.971    1483.40     25.196     2.3677 271.307379    6.58025     41.936     1.5315  34.614264  0.000e+00
     41.572     8.9068    32.4240    25.1159 9.7680e-02      1.978    1483.38     25.133     2.3621 271.307379    6.58102     41.972     1.5315  34.615246  0.000e+00
     41.585     8.9070    32.4225    25.1147 9.7680e-02      1.993    1483.38     25.135     2.3623 271.307380    6.58107     41.985     1.5010  34.613897  0.000e+00
     41.609     8.9124    32.4155    25.1084 9.7680e-02      2.000    1483.39     25.203     2.3685 271.307380    6.58055     42.009     1.5010  34.612057  0.000e+00
     41.632     8.9214    32.4059    25.0995 9.7680e-02      1.985    1483.41     25.216     2.3693 271.307381    6.57963     42.032     1.5010  34.610646  0.000e+00
     41.657     8.9337    32.3910    25.0860 9.7680e-02      1.971    1483.44     25.228     2.3701 271.307381    6.57843     42.057     1.5010  34.607149  0.000e+00
     41.670     8.9497    32.3738    25.0700 8.5470e-02      1.971    1483.48     25.164     2.3635 271.307382    6.57678     42.070     1.5315  34.604573  0.000e+00
     41.705     8.9541    32.3719    25.0678 9.7680e-02      1.963    1483.49     25.167     2.3636 271.307382    6.57621     42.106     1.5315  34.606657  0.000e+00
     41.722     8.9417    32.3906    25.0844 9.7680e-02      1.971    1483.47     25.171     2.3643 271.307383    6.57726     42.123     1.5315  34.613832  0.000e+00
     41.752     8.9256    32.4100    25.1020 9.7680e-02      1.963    1483.43     25.176     2.3653 271.307383    6.57883     42.154     1.5620  34.618310  0.000e+00
     41.777     8.9181    32.4177    25.1092 9.7680e-02      1.971    1483.42     25.256     2.3731 271.307384    6.57962     42.178     1.5315  34.619108  0.000e+00
     41.790     8.9123    32.4224    25.1138 9.7680e-02      1.971    1483.40     25.260     2.3737 271.307384    6.58028     42.191     1.5315  34.618619  0.000e+00
     41.812     8.9144    32.4186    25.1105 9.7680e-02      1.956    1483.40     25.263     2.3740 271.307385    6.58012     42.214     1.5315  34.616840  0.000e+00
     41.837     8.9250    32.4061    25.0991 9.7680e-02      1.949    1483.43     25.276     2.3749 271.307385    6.57908     42.239     1.5315  34.614141  0.000e+00
     41.873     8.9342    32.3963    25.0900 9.7680e-02      1.941    1483.45     25.279     2.3748 271.307386    6.57813     42.275     1.5315  34.612730  0.000e+00
     41.886     8.9337    32.3992    25.0924 9.7680e-02      1.941    1483.45     25.292     2.3760 271.307386    6.57808     42.288     1.5315  34.615121  0.000e+00
     41.910     8.9238    32.4130    25.1047 9.7680e-02      1.941    1483.43     25.306     2.3776 271.307387    6.57897     42.313     1.5315  34.619721  0.000e+00
     41.933     8.9120    32.4273    25.1177 9.7680e-02      1.949    1483.41     25.319     2.3793 271.307387    6.58012     42.336     1.5010  34.623096  0.000e+00
     41.970     8.9005    32.4393    25.1289 9.7680e-02      1.956    1483.38     25.333     2.3810 271.307388    6.58132     42.373     1.5010  34.624569  0.000e+00
     41.981     8.8985    32.4388    25.1288 9.7680e-02      1.956    1483.37     25.336     2.3814 271.307388    6.58163     42.385     1.4705  34.622361  0.000e+00
     42.011     8.9096    32.4242    25.1157 9.7680e-02      1.971    1483.40     25.337     2.3811 271.307389    6.58060     42.414     1.5010  34.618068  0.000e+00
     42.030     8.9242    32.4092    25.1016 8.5470e-02      2.007    1483.43     25.338     2.3807 271.307389    6.57907     42.434     1.5010  34.616410  0.000e+00
     42.053     8.9240    32.4119    25.1038 9.7680e-02      2.103    1483.44     25.340     2.3808 271.307390    6.57899     42.457     1.5010  34.618863  0.000e+00
     42.077     8.9155    32.4239    25.1145 9.7680e-02      2.132    1483.42     25.352     2.3822 271.307390    6.57974     42.482     1.5315  34.623034  0.000e+00
     42.101     8.9036    32.4377    25.1271 9.7680e-02      2.095    1483.39     25.353     2.3827 271.307391    6.58093     42.506     1.5315  34.625795  0.000e+00
     42.113     8.8985    32.4418    25.1312 9.7680e-02      2.051    1483.38     25.365     2.3840 271.307391    6.58150     42.518     1.5315  34.625367  0.000e+00
     42.150     8.9075    32.4295    25.1201 9.7680e-02      2.022    1483.40     25.365     2.3837 271.307391    6.58070     42.555     1.5010  34.621318  0.000e+00
     42.162     8.9288    32.4052    25.0978 9.7680e-02      2.007    1483.45     25.364     2.3829 271.307392    6.57856     42.567     1.5010  34.616717  0.000e+00
     42.197     8.9436    32.3886    25.0825 9.7680e-02      2.000    1483.48     25.363     2.3822 271.307392    6.57706     42.603     1.5315  34.613772  0.000e+00
     42.210     8.9562    32.3756    25.0704 9.7680e-02      2.007    1483.51     25.372     2.3826 271.307393    6.57574     42.616     1.5315  34.612238  0.000e+00
     42.233     8.9597    32.3740    25.0686 9.7680e-02      2.007    1483.53     25.371     2.3824 271.307393    6.57529     42.639     1.5010  34.613832  0.000e+00
     42.257     8.9546    32.3826    25.0762 9.7680e-02      2.029    1483.52     25.370     2.3824 271.307394    6.57568     42.664     1.5010  34.617696  0.000e+00
     42.282     8.9455    32.3942    25.0867 9.7680e-02      2.029    1483.50     25.369     2.3826 271.307394    6.57654     42.688     1.5010  34.620885  0.000e+00
     42.293     8.9398    32.3997    25.0918 9.7680e-02      2.015    1483.48     25.367     2.3827 271.307395    6.57716     42.700     1.5010  34.621131  0.000e+00
     42.329     8.9355    32.4033    25.0953 9.7680e-02      2.007    1483.47     25.365     2.3826 271.307395    6.57765     42.736     1.5010  34.620764  0.000e+00
     42.353     8.9340    32.4050    25.0969 9.7680e-02      2.007    1483.47     25.362     2.3824 271.307396    6.57779     42.760     1.5315  34.621193  0.000e+00
     42.366     8.9316    32.4078    25.0994 9.7680e-02      2.007    1483.46     25.359     2.3822 271.307396    6.57804     42.773     1.5315  34.621746  0.000e+00
     42.389     8.9279    32.4118    25.1031 9.7680e-02      2.022    1483.46     25.355     2.3820 271.307397    6.57841     42.796     1.5315  34.622359  0.000e+00
     42.426     8.9228    32.4171    25.1080 9.7680e-02      2.015    1483.44     25.351     2.3818 271.307397    6.57894     42.834     1.5315  34.623035  0.000e+00
     42.438     8.9168    32.4247    25.1150 9.7680e-02      2.022    1483.43     25.347     2.3816 271.307398    6.57952     42.846     1.5620  34.625059  0.000e+00
     42.462     8.9070    32.4363    25.1255 9.7680e-02      2.022    1483.41     25.342     2.3816 271.307398    6.58048     42.870     1.5315  34.627575  0.000e+00
     42.473     8.8939    32.4514    25.1394 9.7680e-02      2.007    1483.38     25.338     2.3816 271.307399    6.58179     42.882     1.5315  34.630581  0.000e+00
     42.509     8.8790    32.4679    25.1545 8.5470e-02      2.000    1483.35     25.333     2.3816 271.307399    6.58330     42.918     1.5315  34.633404  0.000e+00
     42.522     8.8688    32.4792    25.1650 8.5470e-02      2.000    1483.32     25.327     2.3815 271.307400    6.58434     42.931     1.5010  34.635307  0.000e+00
     42.546     8.8617    32.4868    25.1720 9.7680e-02      2.051    1483.30     25.331     2.3821 271.307400    6.58507     42.955     1.5315  34.636411  0.000e+00
     42.569     8.8547    32.4935    25.1784 9.7680e-02      2.110    1483.29     25.325     2.3818 271.307401    6.58584     42.978     1.5010  34.636658  0.000e+00
     42.593     8.8512    32.4964    25.1812 9.7680e-02      2.103    1483.28     25.318     2.3813 271.307401    6.58623     43.003     1.5010  34.636413  0.000e+00
     42.618     8.8601    32.4862    25.1718 8.5470e-02      2.059    1483.30     25.310     2.3802 271.307402    6.58534     43.028     1.5010  34.634449  0.000e+00
     42.642     8.8695    32.4761    25.1624 9.7680e-02      2.059    1483.32     25.312     2.3801 271.307402    6.58438     43.052     1.5010  34.632915  0.000e+00
     42.667     8.8707    32.4773    25.1632 9.7680e-02      2.132    1483.33     25.315     2.3802 271.307403    6.58414     43.077     1.5010  34.635184  0.000e+00
     42.689     8.8562    32.4963    25.1803 9.7680e-02      2.154    1483.30     25.307     2.3800 271.307403    6.58549     43.100     1.5010  34.640706  0.000e+00
     42.714     8.8422    32.5142    25.1965 9.7680e-02      2.117    1483.27     25.300     2.3798 271.307404    6.58682     43.124     1.5315  34.645615  0.000e+00
     42.727     8.8246    32.5354    25.2158 9.7680e-02      2.081    1483.23     25.302     2.3806 271.307404    6.58854     43.137     1.5010  34.650463  0.000e+00
     42.749     8.8074    32.5556    25.2342 9.7680e-02      2.059    1483.19     25.305     2.3815 271.307405    6.59024     43.160     1.5010  34.654759  0.000e+00
     42.787     8.7929    32.5728    25.2500 9.7680e-02      2.051    1483.16     25.307     2.3822 271.307405    6.59167     43.198     1.4705  34.658503  0.000e+00
     42.809     8.7815    32.5861    25.2621 9.7680e-02      2.022    1483.13     25.299     2.3818 271.307405    6.59281     43.221     1.4705  34.661142  0.000e+00
     42.822     8.7728    32.5957    25.2709 9.7680e-02      2.000    1483.11     25.290     2.3813 271.307406    6.59370     43.234     1.4705  34.662677  0.000e+00
     42.858     8.7631    32.6068    25.2811 9.7680e-02      2.007    1483.09     25.281     2.3808 271.307406    6.59467     43.270     1.4705  34.664825  0.000e+00
     42.869     8.7515    32.6193    25.2927 9.7680e-02      2.022    1483.06     25.271     2.3803 271.307407    6.59587     43.282     1.4705  34.666606  0.000e+00
     42.894     8.7448    32.6260    25.2990 9.7680e-02      2.022    1483.05     25.272     2.3806 271.307407    6.59660     43.306     1.4705  34.667036  0.000e+00
     42.918     8.7409    32.6301    25.3027 9.7680e-02      2.037    1483.04     25.272     2.3808 271.307408    6.59700     43.331     1.4705  34.667527  0.000e+00
     42.930     8.7373    32.6337    25.3061 9.7680e-02      2.044    1483.03     25.272     2.3809 271.307408    6.59738     43.342     1.4705  34.667835  0.000e+00
     42.967     8.7336    32.6369    25.3092 1.0989e-01      2.051    1483.02     25.272     2.3811 271.307409    6.59779     43.380     1.4399  34.667712  0.000e+00
     42.990     8.7311    32.6397    25.3118 1.2210e-01      2.044    1483.01     25.273     2.3812 271.307409    6.59806     43.403     1.4399  34.668142  0.000e+00
     43.003     8.7304    32.6404    25.3124 1.0989e-01      2.022    1483.01     25.273     2.3812 271.307410    6.59813     43.416     1.4399  34.668204  0.000e+00
     43.027     8.7317    32.6386    25.3108 1.0989e-01      2.007    1483.01     25.273     2.3812 271.307410    6.59802     43.441     1.4705  34.667590  0.000e+00
     43.038     8.7356    32.6343    25.3068 9.7680e-02      2.000    1483.02     25.273     2.3810 271.307411    6.59762     43.452     1.4705  34.666915  0.000e+00
     43.074     8.7390    32.6310    25.3038 9.7680e-02      1.993    1483.03     25.273     2.3809 271.307411    6.59725     43.488     1.5010  34.666792  0.000e+00
     43.087     8.7380    32.6320    25.3047 9.7680e-02      2.000    1483.03     25.273     2.3809 271.307412    6.59735     43.501     1.5315  34.666915  0.000e+00
     43.123     8.7356    32.6337    25.3064 9.7680e-02      2.037    1483.02     25.273     2.3811 271.307412    6.59764     43.538     1.5315  34.666363  0.000e+00
     43.134     8.7443    32.6229    25.2966 8.5470e-02      2.088    1483.04     25.273     2.3807 271.307413    6.59680     43.549     1.5315  34.663724  0.000e+00
     43.147     8.7536    32.6131    25.2875 8.5470e-02      2.110    1483.07     25.272     2.3804 271.307413    6.59582     43.562     1.5010  34.662619  0.000e+00
     43.183     8.7515    32.6168    25.2907 8.5470e-02      2.132    1483.06     25.272     2.3804 271.307414    6.59598     43.598     1.5010  34.664275  0.000e+00
     43.194     8.7464    32.6228    25.2962 8.5470e-02      2.117    1483.05     25.273     2.3806 271.307414    6.59648     43.610     1.4705  34.665564  0.000e+00
     43.219     8.7406    32.6304    25.3030 9.7680e-02      2.081    1483.04     25.273     2.3809 271.307415    6.59704     43.634     1.4705  34.667651  0.000e+00
     43.230     8.7320    32.6394    25.3114 8.5470e-02      2.051    1483.02     25.273     2.3812 271.307415    6.59793     43.646     1.4705  34.668695  0.000e+00
     43.254     8.7259    32.6452    25.3169 9.7680e-02      2.029    1483.01     25.274     2.3815 271.307416    6.59859     43.670     1.4705  34.668941  0.000e+00
     43.290     8.7229    32.6473    25.3190 8.5470e-02      2.022    1483.00     25.274     2.3816 271.307416    6.59896     43.706     1.4705  34.668267  0.000e+00
     43.290     8.7207    32.6494    25.3209 9.7680e-02      2.022    1482.99     25.350     2.3889 271.307417    6.59919     43.706     1.4705  34.668390  0.000e+00
     43.321     8.7210    32.6484    25.3201 9.7680e-02      2.015    1482.99     25.360     2.3898 271.307417    6.59920     43.738     1.5010  34.667654  0.000e+00
     43.350     8.7234    32.6450    25.3171 9.7680e-02      2.000    1483.00     25.369     2.3906 271.307418    6.59899     43.767     1.4705  34.666488  0.000e+00
     43.363     8.7285    32.6395    25.3120 9.7680e-02      2.007    1483.01     25.378     2.3912 271.307418    6.59845     43.780     1.4705  34.665812  0.000e+00
     43.386     8.7346    32.6328    25.3058 9.7680e-02      2.037    1483.02     25.310     2.3847 271.307418    6.59782     43.803     1.4705  34.664830  0.000e+00
     43.410     8.7388    32.6285    25.3018 9.7680e-02      2.051    1483.04     25.384     2.3915 271.307419    6.59738     43.828     1.4705  34.664339  0.000e+00
     43.435     8.7406    32.6268    25.3002 9.7680e-02      2.029    1483.04     25.392     2.3922 271.307419    6.59719     43.852     1.4705  34.664277  0.000e+00
     43.446     8.7367    32.6317    25.3046 9.7680e-02      2.000    1483.03     25.325     2.3859 271.307420    6.59756     43.864     1.4705  34.665566  0.000e+00
     43.483     8.7302    32.6384    25.3109 9.7680e-02      2.000    1483.02     25.398     2.3931 271.307420    6.59824     43.902     1.4705  34.666365  0.000e+00
     43.495     8.7243    32.6445    25.3165 9.7680e-02      2.022    1483.00     25.406     2.3940 271.307421    6.59887     43.913     1.4705  34.666918  0.000e+00
     43.519     8.7212    32.6468    25.3189 9.7680e-02      2.168    1482.99     25.413     2.3948 271.307421    6.59922     43.938     1.4705  34.666489  0.000e+00
     43.543     8.7204    32.6475    25.3195 9.7680e-02      2.227    1482.99     25.419     2.3954 271.307422    6.59931     43.962     1.4705  34.666427  0.000e+00
     43.555     8.7207    32.6467    25.3188 9.7680e-02      2.161    1482.99     25.425     2.3960 271.307422    6.59930     43.974     1.4705  34.665937  0.000e+00
     43.579     8.7201    32.6469    25.3191 9.7680e-02      2.073    1482.99     25.431     2.3966 271.307423    6.59939     43.998     1.4399  34.665569  0.000e+00
     43.597     8.7192    32.6480    25.3201 9.7680e-02      2.022    1482.99     25.436     2.3971 271.307423    6.59948     44.016     1.4705  34.665876  0.000e+00
     43.615     8.7195    32.6477    25.3198 9.7680e-02      2.000    1482.99     25.441     2.3975 271.307424    6.59945     44.034     1.4399  34.665814  0.000e+00
     43.639     8.7234    32.6424    25.3151 8.5470e-02      1.993    1483.00     25.445     2.3978 271.307424    6.59910     44.059     1.4399  34.664157  0.000e+00
