Cruise data/ship_ctd/BN1_LYSF_280923_tokt2.cnv
* Sea-Bird SBE 9 Data File:
* FileName = C:\CTD Brukere\UiO Kurs\Geo2320 2023\BN1_LYSF_280923_tokt2.hex
* Software Version Seasave V 7.26.7.121
* Temperature SN = 5352
* Conductivity SN = 3840
* Number of Bytes Per Scan = 31
* Number of Voltage Words = 5
* Number of Scans Averaged by the Deck Unit = 1
* NMEA baud rate = 4800
** Ship: R/V Trygve Braarud
** Cruise:
** Station:
** Operator:
# nquan = 15
# nvalues = 3850                                  
# units = specified
# name 0 = depSM: Depth [salt water, m], lat = 59.90
# name 1 = t090C: Temperature [ITS-90, deg C]
# name 2 = sal00: Salinity, Practical [PSU]
# name 3 = sigma-t00: Density [sigma-t, kg/m^3 ]
# name 4 = flSP: Fluorescence, Seapoint
# name 5 = seaTurbMtr: Turbidity, Seapoint [FTU]
# name 6 = svCM: Sound Velocity [Chen-Millero, m/s]
# name 7 = sbeox0PS: Oxygen, SBE 43 [% saturation]
# name 8 = sbeox0Mg/L: Oxygen, SBE 43 [mg/l]
# name 9 = timeJ: Julian Days
# name 10 = oxsatML/L: Oxygen Saturation, Weiss [ml/l]
# name 11 = prDM: Pressure, Digiquartz [db]
# name 12 = wetStar: Fluorescence, WET Labs WETstar [mg/m^3]
# name 13 = c0mS/cm: Conductivity [mS/cm]
# name 14 = flag:  0.000e+00
# span 0 =      0.672,     80.941                 
# span 1 =     8.4391,    15.5840                 
# span 2 =    15.8913,    32.9716                 
# span 3 =    11.1977,    25.6161                 
# span 4 = 8.5470e-02, 1.2344e+01                 
# span 5 =      1.766,     14.637                 
# span 6 =    1482.61,    1495.69                 
# span 7 =     25.470,     85.523                 
# span 8 =     2.3820,     7.7345                 
# span 9 = 271.466100, 271.467956                 
# span 10 =    6.02865,    6.62774                
# span 11 =      0.679,     81.727                
# span 12 =     1.3178,     4.9808                
# span 13 =  21.236820,  34.910567                
# span 14 = 0.0000e+00, 0.0000e+00                
# interval = seconds: 0.0416667
# start_time = Sep 28 2023 11:11:11 [System UTC, first data scan.]
# bad_flag = -9.990e-29
*END*
      0.682    15.5244    15.9857    11.2691 7.2772e+00      2.249    1486.39     67.439     6.0996 271.466100    6.32061      0.688     4.9503  21.354526  0.000e+00
      0.684    15.5243    15.9947    11.2760 7.6313e+00      2.212    1486.40     67.655     6.1187 271.466100    6.32028      0.690     4.9503  21.365486  0.000e+00
      0.696    15.5243    15.9991    11.2793 7.5702e+00      2.220    1486.40     67.892     6.1400 271.466101    6.32011      0.703     4.9503  21.370786  0.000e+00
      0.696    15.5243    16.0001    11.2801 7.3138e+00      2.286    1486.40     68.221     6.1697 271.466101    6.32007      0.703     4.9503  21.372073  0.000e+00
      0.696    15.5242    16.0000    11.2800 6.7766e+00      2.381    1486.40     68.504     6.1953 271.466101    6.32009      0.703     4.9503  21.371867  0.000e+00
      0.695    15.5241    15.9983    11.2788 6.4103e+00      2.410    1486.40     68.876     6.2291 271.466102    6.32017      0.701     4.9503  21.369757  0.000e+00
      0.696    15.5240    15.9952    11.2764 6.5934e+00      2.381    1486.40     69.201     6.2586 271.466102    6.32030      0.703     4.9503  21.365949  0.000e+00
      0.696    15.5241    15.9919    11.2739 7.4115e+00      2.337    1486.39     69.542     6.2895 271.466103    6.32041      0.703     4.9503  21.361935  0.000e+00
      0.708    15.5240    15.9894    11.2719 7.9487e+00      2.286    1486.39     69.970     6.3283 271.466103    6.32053      0.715     4.9503  21.358745  0.000e+00
      0.696    15.5240    15.9862    11.2695 7.7167e+00      2.308    1486.39     70.418     6.3690 271.466104    6.32065      0.703     4.9503  21.354938  0.000e+00
      0.706    15.5243    15.9841    11.2679 7.1673e+00      2.374    1486.38     70.815     6.4049 271.466104    6.32069      0.713     4.9503  21.352469  0.000e+00
      0.708    15.5242    15.9848    11.2684 7.1551e+00      2.359    1486.38     71.294     6.4483 271.466105    6.32068      0.715     4.9198  21.353240  0.000e+00
      0.708    15.5237    15.9882    11.2710 7.5824e+00      2.315    1486.39     71.720     6.4867 271.466105    6.32061      0.715     4.9198  21.357150  0.000e+00
      0.719    15.5238    15.9910    11.2732 7.3016e+00      2.271    1486.39     72.227     6.5325 271.466106    6.32049      0.726     4.9198  21.360649  0.000e+00
      0.708    15.5233    15.9913    11.2735 6.9231e+00      2.256    1486.39     72.677     6.5732 271.466106    6.32054      0.715     4.8893  21.360752  0.000e+00
      0.719    15.5221    15.9881    11.2714 6.8742e+00      2.234    1486.38     73.207     6.6215 271.466107    6.32082      0.726     4.9198  21.356327  0.000e+00
      0.719    15.5216    15.9813    11.2662 7.1673e+00      2.227    1486.37     73.679     6.6644 271.466107    6.32115      0.726     4.9198  21.347684  0.000e+00
      0.719    15.5224    15.9726    11.2594 7.3993e+00      2.256    1486.36     74.227     6.7143 271.466108    6.32138      0.726     4.9198  21.337499  0.000e+00
      0.719    15.5238    15.9675    11.2552 7.1795e+00      2.264    1486.36     74.714     6.7584 271.466108    6.32139      0.726     4.9198  21.331945  0.000e+00
      0.719    15.5252    15.9712    11.2578 6.7643e+00      2.264    1486.37     75.205     6.8024 271.466109    6.32107      0.726     4.9198  21.337088  0.000e+00
      0.730    15.5263    15.9827    11.2664 6.3736e+00      2.242    1486.39     75.769     6.8528 271.466109    6.32048      0.737     4.9198  21.351748  0.000e+00
      0.732    15.5262    15.9983    11.2783 5.8974e+00      2.234    1486.41     76.270     6.8975 271.466110    6.31989      0.739     4.9198  21.370786  0.000e+00
      0.732    15.5249    16.0087    11.2865 5.5922e+00      2.227    1486.41     76.771     6.9425 271.466110    6.31966      0.739     4.9503  21.382881  0.000e+00
      0.732    15.5245    16.0096    11.2873 5.4579e+00      2.212    1486.41     77.272     6.9878 271.466111    6.31968      0.739     4.9503  21.383705  0.000e+00
      0.732    15.5248    16.0029    11.2821 5.5311e+00      2.198    1486.41     77.770     7.0331 271.466111    6.31990      0.739     4.9198  21.375727  0.000e+00
      0.742    15.5255    15.9962    11.2768 5.7875e+00      2.227    1486.40     78.265     7.0781 271.466112    6.32006      0.749     4.9198  21.367853  0.000e+00
      0.732    15.5255    15.9937    11.2750 6.2027e+00      2.300    1486.40     78.757     7.1226 271.466112    6.32016      0.739     4.9198  21.364868  0.000e+00
      0.743    15.5257    15.9952    11.2761 7.6313e+00      2.352    1486.40     79.316     7.1731 271.466113    6.32007      0.750     4.9198  21.366824  0.000e+00
      0.755    15.5252    15.9992    11.2792 9.2674e+00      2.344    1486.40     79.733     7.2108 271.466113    6.31999      0.762     4.9198  21.371352  0.000e+00
      0.743    15.5241    16.0007    11.2806 9.5849e+00      2.322    1486.40     80.208     7.2538 271.466114    6.32008      0.750     4.9198  21.372639  0.000e+00
      0.755    15.5238    15.9959    11.2770 1.0232e+01      2.308    1486.40     80.676     7.2964 271.466114    6.32030      0.762     4.9198  21.366721  0.000e+00
      0.743    15.5242    15.9897    11.2721 1.1404e+01      2.337    1486.39     81.136     7.3382 271.466114    6.32049      0.750     4.9198  21.359260  0.000e+00
      0.755    15.5241    15.9871    11.2702 1.1661e+01      2.425    1486.39     81.587     7.3791 271.466115    6.32060      0.762     4.9198  21.356070  0.000e+00
      0.743    15.5228    15.9882    11.2713 1.1380e+01      2.476    1486.38     81.955     7.4126 271.466115    6.32072      0.750     4.8893  21.356790  0.000e+00
      0.768    15.5239    15.9905    11.2728 1.0977e+01      2.462    1486.39     82.378     7.4505 271.466116    6.32049      0.775     4.9198  21.360135  0.000e+00
      0.755    15.5247    15.9940    11.2754 9.8168e+00      2.440    1486.40     82.788     7.4874 271.466116    6.32026      0.762     4.8893  21.364817  0.000e+00
      0.755    15.5256    15.9971    11.2775 8.8400e+00      2.440    1486.40     83.114     7.5166 271.466117    6.32002      0.762     4.9198  21.368985  0.000e+00
      0.755    15.5265    15.9991    11.2789 8.5958e+00      2.469    1486.41     83.492     7.5505 271.466117    6.31982      0.762     4.8893  21.371970  0.000e+00
      0.768    15.5269    16.0006    11.2800 8.4737e+00      2.476    1486.41     83.784     7.5768 271.466118    6.31972      0.775     4.8893  21.373925  0.000e+00
      0.755    15.5268    16.0033    11.2820 8.5470e+00      2.447    1486.41     84.055     7.6011 271.466118    6.31963      0.762     4.9198  21.377168  0.000e+00
      0.766    15.5260    16.0063    11.2845 8.5348e+00      2.432    1486.42     84.375     7.6301 271.466119    6.31961      0.773     4.9198  21.380462  0.000e+00
      0.755    15.5244    16.0093    11.2871 7.8388e+00      2.476    1486.41     84.607     7.6512 271.466119    6.31970      0.762     4.8893  21.383396  0.000e+00
      0.768    15.5230    16.0105    11.2883 6.9963e+00      2.469    1486.41     84.816     7.6702 271.466120    6.31985      0.775     4.8893  21.384117  0.000e+00
      0.755    15.5230    16.0091    11.2872 6.5568e+00      2.432    1486.41     84.998     7.6868 271.466120    6.31990      0.762     4.8893  21.382418  0.000e+00
      0.768    15.5229    16.0069    11.2855 6.1294e+00      2.396    1486.41     85.157     7.7012 271.466121    6.31999      0.775     4.8893  21.379690  0.000e+00
      0.766    15.5242    16.0049    11.2838 6.3126e+00      2.366    1486.41     85.288     7.7130 271.466121    6.31990      0.773     4.8893  21.377837  0.000e+00
      0.755    15.5246    16.0027    11.2820 6.9597e+00      2.374    1486.41     85.393     7.7226 271.466122    6.31994      0.762     4.8893  21.375315  0.000e+00
      0.768    15.5248    15.9999    11.2798 7.9853e+00      2.396    1486.40     85.472     7.7298 271.466122    6.32001      0.775     4.9198  21.372124  0.000e+00
      0.768    15.5246    15.9974    11.2780 8.5836e+00      2.381    1486.40     85.523     7.7345 271.466123    6.32014      0.775     4.8893  21.368934  0.000e+00
      0.768    15.5240    15.9952    11.2764 8.0586e+00      2.352    1486.40     85.473     7.7303 271.466123    6.32030      0.775     4.9198  21.365898  0.000e+00
      0.755    15.5235    15.9934    11.2751 7.0574e+00      2.366    1486.39     85.483     7.7313 271.466124    6.32043      0.762     4.9198  21.363479  0.000e+00
      0.768    15.5234    15.9919    11.2740 6.0195e+00      2.388    1486.39     85.415     7.7253 271.466124    6.32050      0.775     4.9198  21.361576  0.000e+00
      0.755    15.5235    15.9899    11.2724 5.5189e+00      2.374    1486.39     85.414     7.7253 271.466125    6.32057      0.762     4.9198  21.359157  0.000e+00
      0.768    15.5234    15.9883    11.2712 6.1294e+00      2.337    1486.39     85.410     7.7249 271.466125    6.32064      0.775     4.9198  21.357202  0.000e+00
      0.768    15.5233    15.9863    11.2697 7.5702e+00      2.403    1486.38     85.337     7.7184 271.466126    6.32073      0.775     4.8893  21.354732  0.000e+00
      0.755    15.5233    15.9849    11.2686 8.8278e+00      2.491    1486.38     85.325     7.7174 271.466126    6.32079      0.762     4.9198  21.352983  0.000e+00
      0.768    15.5239    15.9835    11.2675 9.6459e+00      2.469    1486.38     85.239     7.7096 271.466127    6.32076      0.775     4.9198  21.351594  0.000e+00
      0.755    15.5238    15.9826    11.2668 1.0476e+01      2.388    1486.38     85.151     7.7017 271.466127    6.32081      0.762     4.9198  21.350411  0.000e+00
      0.768    15.5232    15.9817    11.2662 1.0855e+01      2.381    1486.38     85.062     7.6938 271.466128    6.32092      0.775     4.9503  21.348970  0.000e+00
      0.768    15.5227    15.9800    11.2650 1.0842e+01      2.440    1486.37     85.038     7.6918 271.466128    6.32106      0.775     4.9503  21.346604  0.000e+00
      0.766    15.5223    15.9777    11.2633 1.0623e+01      2.623    1486.37     84.949     7.6839 271.466128    6.32120      0.773     4.9808  21.343621  0.000e+00
      0.768    15.5223    15.9752    11.2614 1.0024e+01      2.850    1486.37     84.854     7.6754 271.466129    6.32130      0.775     4.9808  21.340534  0.000e+00
      0.755    15.5221    15.9734    11.2600 8.9133e+00      2.842    1486.37     84.760     7.6671 271.466129    6.32139      0.762     4.9808  21.338271  0.000e+00
      0.768    15.5217    15.9722    11.2592 7.4603e+00      2.674    1486.36     84.734     7.6648 271.466130    6.32149      0.775     4.9503  21.336677  0.000e+00
      0.768    15.5213    15.9722    11.2593 6.0684e+00      2.564    1486.36     84.574     7.6504 271.466130    6.32154      0.775     4.9503  21.336471  0.000e+00
      0.755    15.5206    15.9724    11.2596 5.0427e+00      2.513    1486.36     84.547     7.6481 271.466131    6.32162      0.762     4.9198  21.336368  0.000e+00
      0.768    15.5201    15.9712    11.2588 4.4444e+00      2.476    1486.36     84.389     7.6339 271.466131    6.32174      0.775     4.9198  21.334619  0.000e+00
      0.768    15.5194    15.9684    11.2568 4.1636e+00      2.425    1486.35     84.365     7.6320 271.466132    6.32193      0.775     4.9198  21.330917  0.000e+00
      0.768    15.5201    15.9632    11.2527 4.1392e+00      2.381    1486.35     84.203     7.6175 271.466132    6.32205      0.775     4.9198  21.324848  0.000e+00
      0.768    15.5205    15.9581    11.2487 4.3834e+00      2.344    1486.34     84.112     7.6094 271.466133    6.32219      0.775     4.8893  21.318832  0.000e+00
      0.755    15.5208    15.9553    11.2465 4.9695e+00      2.344    1486.34     84.094     7.6079 271.466133    6.32226      0.762     4.8893  21.315489  0.000e+00
      0.768    15.5209    15.9548    11.2460 5.8852e+00      2.359    1486.34     84.012     7.6004 271.466134    6.32226      0.775     4.8893  21.314924  0.000e+00
      0.768    15.5213    15.9556    11.2466 7.0085e+00      2.396    1486.34     83.931     7.5930 271.466134    6.32218      0.775     4.8893  21.316158  0.000e+00
      0.755    15.5216    15.9574    11.2479 8.0708e+00      2.440    1486.34     83.779     7.5792 271.466135    6.32207      0.762     4.8893  21.318472  0.000e+00
      0.768    15.5215    15.9593    11.2494 8.8156e+00      2.447    1486.35     83.624     7.5650 271.466135    6.32202      0.775     4.8893  21.320786  0.000e+00
      0.755    15.5216    15.9605    11.2503 9.3529e+00      2.527    1486.35     83.608     7.5635 271.466136    6.32195      0.762     4.9198  21.322277  0.000e+00
      0.755    15.5211    15.9613    11.2510 9.8901e+00      2.615    1486.35     83.540     7.5574 271.466136    6.32198      0.762     4.9198  21.323048  0.000e+00
      0.755    15.5208    15.9613    11.2511 1.0427e+01      2.579    1486.35     83.468     7.5510 271.466137    6.32203      0.762     4.9198  21.322894  0.000e+00
      0.768    15.5207    15.9602    11.2502 1.0269e+01      2.564    1486.35     83.402     7.5451 271.466137    6.32208      0.775     4.9198  21.321506  0.000e+00
      0.743    15.5208    15.9574    11.2481 9.1087e+00      2.579    1486.34     83.270     7.5332 271.466138    6.32218      0.750     4.9198  21.318112  0.000e+00
      0.755    15.5206    15.9530    11.2447 7.7411e+00      2.579    1486.34     83.209     7.5280 271.466138    6.32238      0.762     4.9198  21.312559  0.000e+00
      0.755    15.5206    15.9458    11.2393 7.3138e+00      2.593    1486.33     83.155     7.5234 271.466139    6.32265      0.762     4.9198  21.303870  0.000e+00
      0.743    15.5206    15.9372    11.2327 7.8510e+00      2.527    1486.32     83.030     7.5125 271.466139    6.32298      0.750     4.9198  21.293281  0.000e+00
      0.743    15.5207    15.9291    11.2264 7.8022e+00      2.469    1486.31     82.978     7.5081 271.466140    6.32328      0.750     4.8893  21.283414  0.000e+00
      0.743    15.5206    15.9250    11.2233 6.7643e+00      2.440    1486.30     82.935     7.5044 271.466140    6.32345      0.750     4.9198  21.278378  0.000e+00
      0.742    15.5207    15.9251    11.2234 6.1783e+00      2.410    1486.30     82.822     7.4942 271.466141    6.32343      0.749     4.8893  21.278532  0.000e+00
      0.732    15.5206    15.9273    11.2251 5.9096e+00      2.366    1486.31     82.784     7.4907 271.466141    6.32337      0.739     4.8893  21.281152  0.000e+00
      0.743    15.5205    15.9277    11.2254 6.2637e+00      2.330    1486.31     82.750     7.4876 271.466141    6.32337      0.750     4.8893  21.281615  0.000e+00
      0.732    15.5206    15.9254    11.2237 7.2405e+00      2.286    1486.30     82.719     7.4848 271.466142    6.32344      0.739     4.8893  21.278891  0.000e+00
      0.732    15.5206    15.9223    11.2213 7.8388e+00      2.242    1486.30     82.627     7.4767 271.466142    6.32356      0.739     4.9198  21.275089  0.000e+00
      0.719    15.5202    15.9198    11.2194 7.8999e+00      2.264    1486.30     82.606     7.4749 271.466143    6.32370      0.726     4.9198  21.271800  0.000e+00
      0.732    15.5203    15.9190    11.2188 7.5336e+00      2.315    1486.30     82.589     7.4735 271.466143    6.32373      0.739     4.9198  21.270824  0.000e+00
      0.708    15.5201    15.9195    11.2192 7.4359e+00      2.337    1486.30     82.506     7.4659 271.466144    6.32373      0.715     4.9198  21.271338  0.000e+00
      0.719    15.5204    15.9200    11.2195 7.0696e+00      2.315    1486.30     82.494     7.4648 271.466144    6.32368      0.726     4.9198  21.272109  0.000e+00
      0.719    15.5201    15.9206    11.2201 6.6789e+00      2.322    1486.30     82.488     7.4642 271.466145    6.32369      0.726     4.9198  21.272725  0.000e+00
      0.706    15.5202    15.9198    11.2194 6.3980e+00      2.374    1486.30     82.488     7.4643 271.466145    6.32370      0.713     4.9198  21.271800  0.000e+00
