Cruise data/ship_ctd/BN1_LYSF_280923.cnv
* Sea-Bird SBE 9 Data File:
* FileName = C:\CTD Brukere\UiO Kurs\Geo2320 2023\BN1_LYSF_280923.hex
* Software Version Seasave V 7.26.7.121
* Temperature SN = 5352
* Conductivity SN = 3840
* Number of Bytes Per Scan = 31
* Number of Voltage Words = 5
* Number of Scans Averaged by the Deck Unit = 1
* NMEA baud rate = 4800
** Ship: R/V Trygve Braarud
** Cruise:
** Station:
** Operator:
# nquan = 15
# nvalues = 4984                                  
# units = specified
# name 0 = depSM: Depth [salt water, m], lat = 59.90
# name 1 = t090C: Temperature [ITS-90, deg C]
# name 2 = sal00: Salinity, Practical [PSU]
# name 3 = sigma-t00: Density [sigma-t, kg/m^3 ]
# name 4 = flSP: Fluorescence, Seapoint
# name 5 = seaTurbMtr: Turbidity, Seapoint [FTU]
# name 6 = svCM: Sound Velocity [Chen-Millero, m/s]
# name 7 = sbeox0PS: Oxygen, SBE 43 [% saturation]
# name 8 = sbeox0Mg/L: Oxygen, SBE 43 [mg/l]
# name 9 = timeJ: Julian Days
# name 10 = oxsatML/L: Oxygen Saturation, Weiss [ml/l]
# name 11 = prDM: Pressure, Digiquartz [db]
# name 12 = wetStar: Fluorescence, WET Labs WETstar [mg/m^3]
# name 13 = c0mS/cm: Conductivity [mS/cm]
# name 14 = flag:  0.000e+00
# span 0 =      0.331,     81.165                 
# span 1 =     8.4358,    15.5983                 
# span 2 =    15.4600,    32.9762                 
# span 3 =    10.8979,    25.6202                 
# span 4 = 8.5470e-02, 1.1917e+01                 
# span 5 =      1.780,     27.817                 
# span 6 =    1482.59,    1495.54                 
# span 7 =     24.749,     84.768                 
# span 8 =     2.3184,     7.6341                 
# span 9 = 271.305891, 271.308294                 
# span 10 =    6.04607,    6.62803                
# span 11 =      0.334,     81.953                
# span 12 =     1.3178,     5.1945                
# span 13 =  20.627021,  34.980907                
# span 14 = 0.0000e+00, 0.0000e+00                
# interval = seconds: 0.0416667
# start_time = Sep 28 2023 07:20:29 [System UTC, first data scan.]
# bad_flag = -9.990e-29
*END*
[from data line 2603]
     30.824    10.3180    31.1474    23.8929 9.7680e-02      2.491    1486.81     30.385     2.7912 271.307147    6.42935     31.119     1.7147  34.583049  0.000e+00
     30.846    10.3211    31.1462    23.8915 9.7680e-02      2.513    1486.82     30.338     2.7867 271.307147    6.42896     31.142     1.7452  34.584581  0.000e+00
     30.884    10.3216    31.1453    23.8907 1.0989e-01      2.491    1486.82     30.353     2.7881 271.307147    6.42893     31.180     1.7147  34.584091  0.000e+00
     30.892    10.3206    31.1409    23.8875 1.0989e-01      2.476    1486.81     30.364     2.7893 271.307148    6.42925     31.188     1.7452  34.578881  0.000e+00
     30.919    10.3154    31.1346    23.8834 9.7680e-02      2.462    1486.78     30.382     2.7913 271.307148    6.43024     31.216     1.7452  34.568095  0.000e+00
     30.931    10.3088    31.1326    23.8830 1.2210e-01      2.440    1486.76     30.405     2.7938 271.307149    6.43126     31.227     1.7757  34.560435  0.000e+00
     30.955    10.2999    31.1340    23.8855 1.2210e-01      2.447    1486.73     30.424     2.7961 271.307149    6.43246     31.252     1.7452  34.554186  0.000e+00
     30.979    10.2925    31.1320    23.8852 1.2210e-01      2.440    1486.70     30.449     2.7989 271.307150    6.43360     31.276     1.7757  34.545792  0.000e+00
     31.002    10.2856    31.1309    23.8854 1.2210e-01      2.403    1486.67     30.395     2.7944 271.307150    6.43462     31.299     1.7452  34.538808  0.000e+00
     31.023    10.2786    31.1339    23.8890 1.3431e-01      2.388    1486.65     30.411     2.7963 271.307151    6.43549     31.321     1.7452  34.535869  0.000e+00
     31.051    10.2726    31.1346    23.8906 1.4652e-01      2.403    1486.63     30.433     2.7986 271.307151    6.43632     31.348     1.7452  34.531459  0.000e+00
     31.062    10.2597    31.1295    23.8887 1.4652e-01      2.440    1486.58     30.451     2.8011 271.307152    6.43835     31.360     1.7452  34.515350  0.000e+00
     31.099    10.2437    31.1290    23.8910 1.3431e-01      2.469    1486.52     30.474     2.8042 271.307152    6.44065     31.398     1.7452  34.501082  0.000e+00
     31.111    10.2328    31.1360    23.8982 1.2210e-01      2.476    1486.49     30.418     2.7996 271.307153    6.44192     31.409     1.7452  34.498695  0.000e+00
     31.147    10.2284    31.1404    23.9023 1.0989e-01      2.454    1486.48     30.432     2.8011 271.307153    6.44236     31.445     1.7452  34.499369  0.000e+00
     31.156    10.2245    31.1430    23.9050 1.0989e-01      2.432    1486.47     30.451     2.8030 271.307154    6.44281     31.455     1.7452  34.498635  0.000e+00
     31.195    10.2196    31.1489    23.9105 9.7680e-02      2.447    1486.46     30.475     2.8054 271.307154    6.44326     31.494     1.7452  34.500411  0.000e+00
     31.207    10.2125    31.1566    23.9176 1.0989e-01      2.454    1486.44     30.494     2.8075 271.307155    6.44396     31.506     1.7452  34.501882  0.000e+00
     31.231    10.2041    31.1599    23.9216 9.7680e-02      2.440    1486.42     30.518     2.8102 271.307155    6.44501     31.530     1.7452  34.498086  0.000e+00
     31.242    10.1935    31.1620    23.9250 9.7680e-02      2.403    1486.38     30.537     2.8125 271.307156    6.44644     31.542     1.7452  34.491107  0.000e+00
     31.278    10.1818    31.1682    23.9317 9.7680e-02      2.366    1486.35     30.486     2.8084 271.307156    6.44785     31.578     1.7452  34.487189  0.000e+00
     31.302    10.1716    31.1762    23.9397 1.0989e-01      2.344    1486.32     30.495     2.8097 271.307157    6.44898     31.602     1.7452  34.486517  0.000e+00
     31.323    10.1644    31.1816    23.9450 1.0989e-01      2.344    1486.30     30.508     2.8113 271.307157    6.44977     31.624     1.7452  34.485783  0.000e+00
     31.338    10.1588    31.1860    23.9494 9.7680e-02      2.344    1486.29     30.526     2.8132 271.307158    6.45040     31.638     1.7452  34.485294  0.000e+00
     31.375    10.1551    31.1912    23.9540 1.0989e-01      2.322    1486.28     30.463     2.8075 271.307158    6.45071     31.676     1.7452  34.487315  0.000e+00
     31.387    10.1557    31.1968    23.9583 1.0989e-01      2.330    1486.29     30.470     2.8080 271.307159    6.45040     31.688     1.7452  34.493438  0.000e+00
     31.422    10.1582    31.1999    23.9603 1.0989e-01      2.352    1486.30     30.481     2.8088 271.307159    6.44991     31.724     1.7452  34.498704  0.000e+00
     31.435    10.1596    31.1992    23.9595 9.7680e-02      2.366    1486.31     30.496     2.8102 271.307160    6.44974     31.737     1.7147  34.499194  0.000e+00
     31.458    10.1596    31.1971    23.9579 9.7680e-02      2.352    1486.31     30.506     2.8111 271.307160    6.44983     31.760     1.7452  34.497112  0.000e+00
     31.471    10.1581    31.1990    23.9596 9.7680e-02      2.286    1486.30     30.520     2.8125 271.307160    6.44997     31.773     1.7452  34.497663  0.000e+00
     31.515    10.1596    31.2029    23.9624 1.0989e-01      2.220    1486.31     30.538     2.8140 271.307161    6.44959     31.817     1.7452  34.502930  0.000e+00
     31.531    10.1628    31.2051    23.9636 1.0989e-01      2.212    1486.33     30.476     2.8080 271.307161    6.44905     31.833     1.7452  34.507829  0.000e+00
     31.554    10.1617    31.2079    23.9660 1.0989e-01      2.227    1486.33     30.482     2.8086 271.307162    6.44909     31.856     1.7452  34.509667  0.000e+00
     31.567    10.1583    31.2077    23.9663 1.0989e-01      2.242    1486.32     30.492     2.8097 271.307162    6.44958     31.869     1.7757  34.506544  0.000e+00
     31.614    10.1527    31.2015    23.9625 9.7680e-02      2.220    1486.29     30.497     2.8106 271.307163    6.45063     31.917     1.8062  34.495644  0.000e+00
     31.614    10.1345    31.1811    23.9496 9.7680e-02      2.183    1486.20     30.505     2.8128 271.307163    6.45407     31.917     1.8062  34.459707  0.000e+00
     31.651    10.0945    31.1806    23.9557 9.7680e-02      2.139    1486.05     30.442     2.8095 271.307164    6.45980     31.955     1.8062  34.424951  0.000e+00
     31.662    10.0844    31.1694    23.9487 9.7680e-02      2.088    1486.00     30.449     2.8109 271.307164    6.46170     31.966     1.8368  34.405129  0.000e+00
     31.698    10.0367    31.1685    23.9557 1.0989e-01      2.059    1485.83     30.449     2.8139 271.307165    6.46856     32.002     1.8368  34.363424  0.000e+00
     31.719     9.9730    31.1816    23.9764 9.7680e-02      2.029    1485.61     30.454     2.8180 271.307165    6.47715     32.023     1.8673  34.321924  0.000e+00
     31.747     9.9259    31.1972    23.9962 9.7680e-02      2.051    1485.46     30.461     2.8214 271.307166    6.48329     32.051     1.8673  34.297058  0.000e+00
     31.758     9.8935    31.2107    24.0120 9.7680e-02      2.044    1485.36     30.463     2.8233 271.307166    6.48738     32.063     1.8673  34.282765  0.000e+00
     31.782     9.8689    31.2190    24.0224 9.7680e-02      2.029    1485.28     30.477     2.8260 271.307167    6.49059     32.087     1.8673  34.269879  0.000e+00
     31.818     9.8465    31.2269    24.0322 9.7680e-02      2.044    1485.21     30.420     2.8220 271.307167    6.49350     32.123     1.8368  34.258522  0.000e+00
     31.842     9.8246    31.2377    24.0441 9.7680e-02      2.051    1485.15     30.423     2.8233 271.307168    6.49621     32.148     1.8673  34.250463  0.000e+00
     31.854     9.8069    31.2476    24.0548 1.0989e-01      2.037    1485.09     30.429     2.8248 271.307168    6.49835     32.159     1.8673  34.245152  0.000e+00
     31.890     9.7935    31.2554    24.0630 9.7680e-02      2.022    1485.05     30.364     2.8194 271.307169    6.49996     32.195     1.8673  34.241368  0.000e+00
     31.902     9.7846    31.2611    24.0689 1.0989e-01      1.993    1485.03     30.442     2.8272 271.307169    6.50101     32.208     1.8673  34.239415  0.000e+00
     31.927     9.7769    31.2656    24.0736 9.7680e-02      1.993    1485.01     30.374     2.8213 271.307170    6.50195     32.233     1.8673  34.237157  0.000e+00
     31.963     9.7714    31.2708    24.0786 9.7680e-02      2.000    1484.99     30.375     2.8216 271.307170    6.50252     32.269     1.8673  34.237707  0.000e+00
     31.974     9.7726    31.2762    24.0825 1.0989e-01      1.993    1485.00     30.370     2.8209 271.307171    6.50212     32.280     1.8673  34.243996  0.000e+00
     31.995     9.7757    31.2792    24.0844 1.2210e-01      1.985    1485.02     30.293     2.8135 271.307171    6.50156     32.302     1.8673  34.249614  0.000e+00
     32.023     9.7754    31.2833    24.0876 1.2210e-01      1.978    1485.02     30.284     2.8127 271.307172    6.50143     32.330     1.8673  34.253400  0.000e+00
     32.045     9.7759    31.2862    24.0899 1.2210e-01      1.985    1485.03     30.279     2.8122 271.307172    6.50123     32.353     1.8673  34.256820  0.000e+00
     32.070     9.7793    31.2901    24.0923 1.0989e-01      1.978    1485.05     30.278     2.8118 271.307173    6.50059     32.377     1.8673  34.263477  0.000e+00
     32.094     9.8011    31.2806    24.0814 1.0989e-01      1.949    1485.12     30.280     2.8108 271.307173    6.49782     32.402     1.8673  34.272820  0.000e+00
     32.105     9.8089    31.2809    24.0804 1.0989e-01      1.919    1485.14     30.286     2.8109 271.307174    6.49669     32.413     1.8673  34.279783  0.000e+00
     32.143     9.8313    31.2719    24.0698 1.0989e-01      1.905    1485.22     30.211     2.8026 271.307174    6.49382     32.451     1.8673  34.290166  0.000e+00
     32.165     9.8396    31.2713    24.0680 1.2210e-01      1.897    1485.25     30.205     2.8016 271.307174    6.49265     32.474     1.8673  34.296702  0.000e+00
     32.190     9.8524    31.2684    24.0636 1.2210e-01      1.897    1485.29     30.202     2.8006 271.307175    6.49093     32.498     1.8673  34.304766  0.000e+00
     32.203     9.8556    31.2653    24.0607 1.2210e-01      1.890    1485.30     30.203     2.8005 271.307175    6.49059     32.511     1.8673  34.304461  0.000e+00
     32.225     9.8350    31.2710    24.0685 1.2210e-01      1.890    1485.23     30.132     2.7952 271.307176    6.49334     32.534     1.8368  34.292426  0.000e+00
     32.263     9.8064    31.2829    24.0824 1.0989e-01      1.890    1485.14     30.122     2.7957 271.307176    6.49696     32.572     1.8368  34.279783  0.000e+00
     32.285     9.7840    31.2933    24.0941 1.0989e-01      1.875    1485.07     30.114     2.7962 271.307177    6.49977     32.595     1.8368  34.270807  0.000e+00
     32.298     9.7671    31.3027    24.1041 1.0989e-01      1.883    1485.02     30.111     2.7967 271.307177    6.50183     32.608     1.8673  34.265556  0.000e+00
     32.334     9.7564    31.3100    24.1115 9.7680e-02      1.912    1484.99     30.036     2.7903 271.307178    6.50307     32.644     1.8673  34.263603  0.000e+00
     32.345     9.7491    31.3148    24.1165 9.7680e-02      1.941    1484.97     30.030     2.7901 271.307178    6.50393     32.656     1.8673  34.262077  0.000e+00
     32.370     9.7444    31.3187    24.1203 9.7680e-02      1.956    1484.96     30.028     2.7901 271.307179    6.50445     32.680     1.8673  34.261894  0.000e+00
     32.394     9.7420    31.3220    24.1232 9.7680e-02      1.971    1484.96     29.955     2.7835 271.307179    6.50465     32.705     1.8673  34.263177  0.000e+00
     32.418     9.7457    31.3240    24.1242 9.7680e-02      1.956    1484.97     29.942     2.7820 271.307180    6.50405     32.729     1.8673  34.268246  0.000e+00
     32.454     9.7645    31.3200    24.1180 1.0989e-01      1.941    1485.04     29.857     2.7731 271.307180    6.50149     32.765     1.8673  34.280461  0.000e+00
     32.454     9.7894    31.3041    24.1017 1.0989e-01      1.934    1485.11     29.843     2.7705 271.307181    6.49855     32.765     1.8368  34.286139  0.000e+00
     32.488     9.7871    31.3016    24.1000 1.0989e-01      1.941    1485.10     29.833     2.7697 271.307181    6.49899     32.800     1.8368  34.281680  0.000e+00
     32.514     9.7731    31.3094    24.1084 9.7680e-02      1.934    1485.06     29.817     2.7690 271.307182    6.50068     32.826     1.8673  34.277406  0.000e+00
     32.538     9.7601    31.3191    24.1180 9.7680e-02      1.927    1485.02     29.806     2.7685 271.307182    6.50216     32.851     1.8673  34.275880  0.000e+00
     32.550     9.7517    31.3264    24.1251 9.7680e-02      1.919    1485.00     29.723     2.7613 271.307183    6.50307     32.862     1.8673  34.275881  0.000e+00
     32.574     9.7488    31.3310    24.1291 9.7680e-02      1.912    1484.99     29.710     2.7602 271.307183    6.50331     32.887     1.8673  34.277836  0.000e+00
     32.597     9.7530    31.3336    24.1305 9.7680e-02      1.905    1485.01     29.702     2.7591 271.307184    6.50259     32.909     1.8673  34.284067  0.000e+00
     32.621     9.7712    31.3252    24.1211 9.7680e-02      1.890    1485.07     29.623     2.7508 271.307184    6.50031     32.934     1.8673  34.291457  0.000e+00
     32.646     9.7803    31.3199    24.1155 9.7680e-02      1.875    1485.10     29.614     2.7495 271.307185    6.49920     32.959     1.8673  34.294083  0.000e+00
     32.657     9.7785    31.3223    24.1176 9.7680e-02      1.868    1485.09     29.525     2.7413 271.307185    6.49937     32.970     1.8368  34.294817  0.000e+00
     32.694     9.7738    31.3316    24.1256 1.0989e-01      1.875    1485.09     29.507     2.7397 271.307186    6.49967     33.008     1.8368  34.300011  0.000e+00
     32.706     9.7840    31.3352    24.1267 1.0989e-01      1.897    1485.13     29.492     2.7377 271.307186    6.49804     33.019     1.8368  34.312292  0.000e+00
     32.730     9.8034    31.3271    24.1173 1.0989e-01      1.897    1485.19     29.408     2.7289 271.307187    6.49558     33.044     1.8368  34.320968  0.000e+00
     32.754     9.8081    31.3257    24.1155 1.0989e-01      1.890    1485.21     29.395     2.7274 271.307187    6.49496     33.068     1.8368  34.323596  0.000e+00
     32.777     9.8097    31.3328    24.1208 1.0989e-01      1.890    1485.22     29.376     2.7254 271.307188    6.49442     33.091     1.8368  34.332091  0.000e+00
     32.801     9.8621    31.3047    24.0904 1.0989e-01      1.905    1485.38     29.363     2.7216 271.307188    6.48803     33.116     1.8062  34.349263  0.000e+00
     32.814     9.9020    31.2705    24.0572 9.7680e-02      1.919    1485.48     29.280     2.7121 271.307188    6.48370     33.129     1.8062  34.349625  0.000e+00
     32.837     9.8733    31.2851    24.0733 9.7680e-02      1.912    1485.40     29.191     2.7053 271.307189    6.48723     33.152     1.8368  34.339481  0.000e+00
     32.861     9.8414    31.3063    24.0950 9.7680e-02      1.897    1485.31     29.174     2.7052 271.307189    6.49095     33.176     1.8368  34.333127  0.000e+00
     32.886     9.8184    31.3239    24.1124 9.7680e-02      1.890    1485.24     29.162     2.7052 271.307190    6.49353     33.201     1.8368  34.330807  0.000e+00
     32.897     9.8019    31.3374    24.1256 9.7680e-02      1.890    1485.20     29.081     2.6985 271.307190    6.49536     33.213     1.8368  34.329953  0.000e+00
     32.947     9.7892    31.3483    24.1362 9.7680e-02      1.890    1485.17     29.062     2.6972 271.307191    6.49675     33.263     1.8368  34.329833  0.000e+00
     32.946     9.7801    31.3566    24.1441 1.0989e-01      1.883    1485.15     29.047     2.6963 271.307191    6.49771     33.262     1.8368  34.330261  0.000e+00
     32.970     9.7752    31.3623    24.1493 9.7680e-02      1.890    1485.14     28.964     2.6887 271.307192    6.49819     33.286     1.8673  34.331607  0.000e+00
