Cruise data/ship_ctd/BN1_LYSF_280923_tokt2.cnv
* Sea-Bird SBE 9 Data File:
* FileName = C:\CTD Brukere\UiO Kurs\Geo2320 2023\BN1_LYSF_280923_tokt2.hex
* Software Version Seasave V 7.26.7.121
* Temperature SN = 5352
* Conductivity SN = 3840
* Number of Bytes Per Scan = 31
* Number of Voltage Words = 5
* Number of Scans Averaged by the Deck Unit = 1
* NMEA baud rate = 4800
** Ship: R/V Trygve Braarud
** Cruise:
** Station:
** Operator:
# nquan = 15
# nvalues = 3850                                  
# units = specified
# name 0 = depSM: Depth [salt water, m], lat = 59.90
# name 1 = t090C: Temperature [ITS-90, deg C]
# name 2 = sal00: Salinity, Practical [PSU]
# name 3 = sigma-t00: Density [sigma-t, kg/m^3 ]
# name 4 = flSP: Fluorescence, Seapoint
# name 5 = seaTurbMtr: Turbidity, Seapoint [FTU]
# name 6 = svCM: Sound Velocity [Chen-Millero, m/s]
# name 7 = sbeox0PS: Oxygen, SBE 43 [% saturation]
# name 8 = sbeox0Mg/L: Oxygen, SBE 43 [mg/l]
# name 9 = timeJ: Julian Days
# name 10 = oxsatML/L: Oxygen Saturation, Weiss [ml/l]
# name 11 = prDM: Pressure, Digiquartz [db]
# name 12 = wetStar: Fluorescence, WET Labs WETstar [mg/m^3]
# name 13 = c0mS/cm: Conductivity [mS/cm]
# name 14 = flag:  0.000e+00
# span 0 =      0.672,     80.941                 
# span 1 =     8.4391,    15.5840                 
# span 2 =    15.8913,    32.9716                 
# span 3 =    11.1977,    25.6161                 
# span 4 = 8.5470e-02, 1.2344e+01                 
# span 5 =      1.766,     14.637                 
# span 6 =    1482.61,    1495.69                 
# span 7 =     25.470,     85.523                 
# span 8 =     2.3820,     7.7345                 
# span 9 = 271.466100, 271.467956                 
# span 10 =    6.02865,    6.62774                
# span 11 =      0.679,     81.727                
# span 12 =     1.3178,     4.9808                
# span 13 =  21.236820,  34.910567                
# span 14 = 0.0000e+00, 0.0000e+00                
# interval = seconds: 0.0416667
# start_time = Sep 28 2023 11:11:11 [System UTC, first data scan.]
# bad_flag = -9.990e-29
*END*
[from data line 2988]
     64.066     8.4545    32.9562    25.6017 9.7680e-02      2.176    1482.72     26.875     2.5427 271.467541    6.62606     64.686     1.3789  34.734286  0.000e+00
     64.091     8.4572    32.9539    25.5995 8.5470e-02      2.147    1482.73     26.875     2.5425 271.467541    6.62575     64.710     1.3484  34.734531  0.000e+00
     64.105     8.4574    32.9536    25.5992 9.7680e-02      2.125    1482.73     26.874     2.5425 271.467541    6.62574     64.725     1.3484  34.734409  0.000e+00
     64.126     8.4550    32.9555    25.6010 8.5470e-02      2.125    1482.72     26.874     2.5426 271.467542    6.62602     64.746     1.3484  34.734041  0.000e+00
     64.151     8.4516    32.9581    25.6036 8.5470e-02      2.103    1482.71     26.874     2.5427 271.467542    6.62642     64.771     1.3484  34.733550  0.000e+00
     64.175     8.4495    32.9601    25.6055 9.7680e-02      2.081    1482.71     26.950     2.5500 271.467543    6.62665     64.796     1.3484  34.733612  0.000e+00
     64.187     8.4482    32.9612    25.6066 9.7680e-02      2.066    1482.70     26.960     2.5509 271.467543    6.62679     64.807     1.3484  34.733489  0.000e+00
     64.211     8.4479    32.9613    25.6067 9.7680e-02      2.139    1482.70     26.969     2.5518 271.467544    6.62684     64.832     1.3484  34.733305  0.000e+00
     64.239     8.4480    32.9609    25.6064 9.7680e-02      2.205    1482.70     26.978     2.5526 271.467544    6.62683     64.860     1.3484  34.733121  0.000e+00
     64.260     8.4480    32.9611    25.6065 9.7680e-02      2.161    1482.70     26.986     2.5534 271.467545    6.62682     64.881     1.3484  34.733244  0.000e+00
     64.283     8.4485    32.9604    25.6059 9.7680e-02      2.110    1482.70     26.994     2.5542 271.467545    6.62677     64.904     1.3789  34.733121  0.000e+00
     64.296     8.4493    32.9603    25.6057 9.7680e-02      2.081    1482.71     27.001     2.5548 271.467546    6.62666     64.917     1.3789  34.733735  0.000e+00
     64.331     8.4505    32.9595    25.6049 9.7680e-02      2.066    1482.71     26.932     2.5482 271.467546    6.62652     64.953     1.3484  34.733980  0.000e+00
     64.331     8.4526    32.9573    25.6029 9.7680e-02      2.059    1482.72     26.929     2.5478 271.467547    6.62629     64.953     1.3789  34.733796  0.000e+00
     64.370     8.4524    32.9576    25.6031 9.7680e-02      2.051    1482.72     26.925     2.5475 271.467547    6.62631     64.993     1.3789  34.733919  0.000e+00
     64.380     8.4513    32.9588    25.6042 8.5470e-02      2.117    1482.71     26.998     2.5544 271.467548    6.62644     65.003     1.3789  34.733980  0.000e+00
     64.405     8.4506    32.9591    25.6045 9.7680e-02      2.264    1482.71     27.005     2.5551 271.467548    6.62652     65.027     1.3484  34.733735  0.000e+00
     64.427     8.4503    32.9596    25.6049 9.7680e-02      2.344    1482.71     27.011     2.5557 271.467549    6.62654     65.050     1.3484  34.733919  0.000e+00
     64.465     8.4503    32.9599    25.6052 9.7680e-02      2.352    1482.71     27.016     2.5562 271.467549    6.62653     65.088     1.3484  34.734226  0.000e+00
     64.468     8.4500    32.9601    25.6054 9.7680e-02      2.337    1482.71     27.022     2.5567 271.467550    6.62657     65.091     1.3484  34.734104  0.000e+00
     64.501     8.4503    32.9596    25.6050 9.7680e-02      2.293    1482.71     27.027     2.5572 271.467550    6.62654     65.124     1.3484  34.733981  0.000e+00
     64.512     8.4498    32.9598    25.6052 9.7680e-02      2.249    1482.71     27.031     2.5576 271.467551    6.62661     65.136     1.3484  34.733797  0.000e+00
     64.548     8.4498    32.9600    25.6053 9.7680e-02      2.227    1482.71     27.035     2.5580 271.467551    6.62660     65.172     1.3789  34.733920  0.000e+00
     64.561     8.4511    32.9588    25.6042 9.7680e-02      2.212    1482.72     27.038     2.5583 271.467552    6.62646     65.185     1.3789  34.733981  0.000e+00
     64.588     8.4534    32.9572    25.6026 9.7680e-02      2.205    1482.72     27.041     2.5584 271.467552    6.62619     65.213     1.3484  34.734411  0.000e+00
     64.610     8.4556    32.9553    25.6008 9.7680e-02      2.183    1482.73     27.044     2.5586 271.467553    6.62593     65.234     1.3484  34.734656  0.000e+00
     64.632     8.4545    32.9558    25.6014 9.7680e-02      2.168    1482.73     27.046     2.5589 271.467553    6.62607     65.257     1.3484  34.734165  0.000e+00
     64.670     8.4521    32.9574    25.6030 9.7680e-02      2.154    1482.72     27.048     2.5592 271.467554    6.62637     65.295     1.3484  34.733552  0.000e+00
     64.681     8.4503    32.9591    25.6046 9.7680e-02      2.132    1482.72     27.050     2.5594 271.467554    6.62656     65.307     1.3484  34.733613  0.000e+00
     64.696     8.4493    32.9599    25.6054 9.7680e-02      2.103    1482.71     27.051     2.5595 271.467554    6.62668     65.321     1.3178  34.733491  0.000e+00
     64.730     8.4485    32.9602    25.6057 9.7680e-02      2.073    1482.71     27.051     2.5596 271.467555    6.62679     65.356     1.3484  34.733061  0.000e+00
     64.753     8.4479    32.9610    25.6065 9.7680e-02      2.059    1482.71     26.975     2.5524 271.467555    6.62685     65.379     1.3484  34.733307  0.000e+00
     64.766     8.4477    32.9613    25.6067 9.7680e-02      2.066    1482.71     27.041     2.5587 271.467556    6.62686     65.392     1.3789  34.733430  0.000e+00
     64.777     8.4479    32.9610    25.6065 9.7680e-02      2.081    1482.71     27.041     2.5586 271.467556    6.62685     65.403     1.3789  34.733307  0.000e+00
     64.841     8.4482    32.9608    25.6062 9.7680e-02      2.081    1482.71     27.040     2.5585 271.467557    6.62681     65.468     1.3789  34.733368  0.000e+00
     64.837     8.4480    32.9612    25.6066 9.7680e-02      2.073    1482.71     27.039     2.5584 271.467557    6.62682     65.464     1.3789  34.733614  0.000e+00
     64.850     8.4485    32.9608    25.6062 9.7680e-02      2.081    1482.71     27.037     2.5582 271.467558    6.62676     65.477     1.3789  34.733675  0.000e+00
     64.886     8.4497    32.9599    25.6053 9.7680e-02      2.088    1482.72     27.035     2.5580 271.467558    6.62662     65.514     1.3484  34.733921  0.000e+00
     64.914     8.4506    32.9591    25.6045 9.7680e-02      2.103    1482.72     27.032     2.5577 271.467559    6.62652     65.541     1.3789  34.733982  0.000e+00
     64.922     8.4508    32.9592    25.6046 9.7680e-02      2.154    1482.72     27.029     2.5574 271.467559    6.62648     65.550     1.3484  34.734228  0.000e+00
     64.946     8.4513    32.9586    25.6041 9.7680e-02      2.154    1482.72     27.026     2.5571 271.467560    6.62644     65.574     1.3484  34.734105  0.000e+00
     64.971     8.4521    32.9580    25.6035 9.7680e-02      2.132    1482.73     27.022     2.5567 271.467560    6.62635     65.599     1.3789  34.734228  0.000e+00
     64.985     8.4534    32.9572    25.6026 9.7680e-02      2.103    1482.73     27.018     2.5562 271.467561    6.62619     65.614     1.3789  34.734596  0.000e+00
     65.031     8.4537    32.9566    25.6021 9.7680e-02      2.066    1482.73     27.013     2.5557 271.467561    6.62616     65.660     1.3789  34.734351  0.000e+00
     65.031     8.4539    32.9564    25.6020 9.7680e-02      2.051    1482.73     27.008     2.5552 271.467562    6.62615     65.660     1.3789  34.734351  0.000e+00
     65.067     8.4542    32.9563    25.6018 9.7680e-02      2.051    1482.73     27.002     2.5547 271.467562    6.62611     65.696     1.3789  34.734535  0.000e+00
     65.081     8.4548    32.9558    25.6014 8.5470e-02      2.051    1482.74     26.996     2.5541 271.467563    6.62603     65.711     1.3789  34.734658  0.000e+00
     65.102     8.4562    32.9547    25.6002 9.7680e-02      2.051    1482.74     26.990     2.5534 271.467563    6.62586     65.732     1.3484  34.734842  0.000e+00
     65.140     8.4572    32.9536    25.5992 8.5470e-02      2.059    1482.74     26.994     2.5538 271.467564    6.62576     65.770     1.3484  34.734719  0.000e+00
     65.140     8.4567    32.9537    25.5994 8.5470e-02      2.044    1482.74     26.987     2.5531 271.467564    6.62583     65.770     1.3789  34.734351  0.000e+00
     65.177     8.4564    32.9545    25.6000 8.5470e-02      2.037    1482.74     26.980     2.5525 271.467565    6.62584     65.808     1.3484  34.734842  0.000e+00
     65.200     8.4569    32.9540    25.5996 9.7680e-02      2.051    1482.74     26.972     2.5517 271.467565    6.62579     65.831     1.3484  34.734781  0.000e+00
     65.223     8.4582    32.9528    25.5985 9.7680e-02      2.095    1482.75     26.964     2.5509 271.467566    6.62565     65.854     1.3484  34.734842  0.000e+00
     65.247     8.4567    32.9538    25.5995 9.7680e-02      2.095    1482.74     26.955     2.5501 271.467566    6.62582     65.878     1.3789  34.734535  0.000e+00
     65.262     8.4527    32.9571    25.6026 9.7680e-02      2.073    1482.73     26.957     2.5505 271.467567    6.62629     65.893     1.3484  34.734045  0.000e+00
     65.285     8.4512    32.9584    25.6039 9.7680e-02      2.059    1482.73     26.959     2.5507 271.467567    6.62646     65.916     1.3484  34.733984  0.000e+00
     65.307     8.4506    32.9589    25.6044 9.7680e-02      2.132    1482.73     26.961     2.5509 271.467568    6.62652     65.939     1.3789  34.733984  0.000e+00
     65.335     8.4510    32.9589    25.6043 9.7680e-02      2.264    1482.73     26.963     2.5511 271.467568    6.62647     65.967     1.3484  34.734291  0.000e+00
     65.356     8.4514    32.9585    25.6039 9.7680e-02      2.264    1482.73     26.964     2.5512 271.467568    6.62642     65.988     1.3789  34.734291  0.000e+00
     65.381     8.4521    32.9579    25.6034 9.7680e-02      2.212    1482.73     26.966     2.5514 271.467569    6.62635     66.013     1.3789  34.734352  0.000e+00
     65.405     8.4521    32.9581    25.6036 9.7680e-02      2.154    1482.73     26.968     2.5515 271.467569    6.62634     66.038     1.3484  34.734536  0.000e+00
     65.420     8.4519    32.9584    25.6038 9.7680e-02      2.110    1482.73     26.959     2.5507 271.467570    6.62635     66.052     1.3789  34.734659  0.000e+00
     65.441     8.4516    32.9589    25.6042 9.7680e-02      2.095    1482.73     26.949     2.5498 271.467570    6.62638     66.074     1.3484  34.734844  0.000e+00
     65.465     8.4518    32.9584    25.6038 9.7680e-02      2.103    1482.73     26.940     2.5489 271.467571    6.62638     66.098     1.3789  34.734537  0.000e+00
     65.491     8.4527    32.9575    25.6030 9.7680e-02      2.103    1482.74     26.940     2.5489 271.467571    6.62627     66.125     1.3789  34.734537  0.000e+00
     65.501     8.4526    32.9570    25.6026 9.7680e-02      2.117    1482.74     26.940     2.5489 271.467572    6.62632     66.135     1.3789  34.733923  0.000e+00
     65.537     8.4521    32.9574    25.6030 9.7680e-02      2.117    1482.73     26.941     2.5490 271.467572    6.62637     66.171     1.3484  34.733923  0.000e+00
     65.550     8.4508    32.9587    25.6042 9.7680e-02      2.103    1482.73     26.942     2.5491 271.467573    6.62651     66.184     1.3789  34.733984  0.000e+00
     65.563     8.4516    32.9579    25.6035 9.7680e-02      2.095    1482.73     26.942     2.5491 271.467573    6.62643     66.197     1.3484  34.733984  0.000e+00
     65.597     8.4515    32.9580    25.6036 9.7680e-02      2.081    1482.73     26.943     2.5492 271.467574    6.62644     66.232     1.3789  34.733985  0.000e+00
     65.610     8.4511    32.9589    25.6043 9.7680e-02      2.066    1482.73     26.943     2.5492 271.467574    6.62645     66.245     1.3484  34.734537  0.000e+00
     65.647     8.4516    32.9588    25.6042 9.7680e-02      2.059    1482.74     26.944     2.5493 271.467575    6.62639     66.282     1.3789  34.734844  0.000e+00
     65.670     8.4518    32.9585    25.6039 9.7680e-02      2.059    1482.74     26.944     2.5493 271.467575    6.62637     66.305     1.3484  34.734722  0.000e+00
     65.682     8.4521    32.9581    25.6035 1.0989e-01      2.073    1482.74     27.021     2.5565 271.467576    6.62635     66.317     1.3789  34.734599  0.000e+00
     65.721     8.4513    32.9586    25.6040 9.7680e-02      2.081    1482.74     26.955     2.5504 271.467576    6.62644     66.356     1.3789  34.734415  0.000e+00
     65.730     8.4511    32.9589    25.6043 9.7680e-02      2.073    1482.74     26.955     2.5504 271.467577    6.62645     66.366     1.3789  34.734538  0.000e+00
     65.742     8.4514    32.9587    25.6041 9.7680e-02      2.066    1482.74     26.955     2.5504 271.467577    6.62642     66.378     1.3484  34.734660  0.000e+00
     65.768     8.4501    32.9594    25.6048 9.7680e-02      2.073    1482.73     26.955     2.5505 271.467578    6.62658     66.404     1.3789  34.734169  0.000e+00
     65.791     8.4497    32.9596    25.6051 9.7680e-02      2.073    1482.73     26.956     2.5505 271.467578    6.62664     66.427     1.3789  34.733985  0.000e+00
     65.802     8.4498    32.9597    25.6051 9.7680e-02      2.059    1482.73     26.956     2.5505 271.467579    6.62661     66.439     1.3484  34.734231  0.000e+00
     65.841     8.4505    32.9592    25.6047 9.7680e-02      2.051    1482.74     26.945     2.5494 271.467579    6.62654     66.478     1.3484  34.734354  0.000e+00
     65.851     8.4511    32.9588    25.6042 9.7680e-02      2.051    1482.74     27.020     2.5566 271.467580    6.62646     66.488     1.3484  34.734538  0.000e+00
     65.875     8.4516    32.9582    25.6037 9.7680e-02      2.059    1482.74     27.030     2.5575 271.467580    6.62641     66.512     1.3484  34.734415  0.000e+00
     65.901     8.4518    32.9584    25.6038 9.7680e-02      2.066    1482.74     26.963     2.5511 271.467581    6.62637     66.539     1.3484  34.734784  0.000e+00
     65.922     8.4522    32.9577    25.6032 9.7680e-02      2.059    1482.74     26.962     2.5510 271.467581    6.62634     66.560     1.3484  34.734538  0.000e+00
     65.947     8.4522    32.9577    25.6032 9.7680e-02      2.051    1482.74     27.037     2.5581 271.467582    6.62634     66.585     1.3484  34.734538  0.000e+00
     65.962     8.4521    32.9580    25.6035 9.7680e-02      2.044    1482.74     27.046     2.5589 271.467582    6.62635     66.600     1.3789  34.734661  0.000e+00
     65.983     8.4519    32.9583    25.6037 9.7680e-02      2.081    1482.74     26.978     2.5525 271.467582    6.62636     66.621     1.3484  34.734845  0.000e+00
     66.007     8.4516    32.9590    25.6043 9.7680e-02      2.117    1482.74     26.976     2.5523 271.467583    6.62638     66.646     1.3484  34.735214  0.000e+00
     66.033     8.4516    32.9586    25.6040 9.7680e-02      2.125    1482.74     26.974     2.5521 271.467583    6.62640     66.672     1.3484  34.734846  0.000e+00
     66.056     8.4513    32.9589    25.6043 9.7680e-02      2.125    1482.74     26.972     2.5519 271.467584    6.62643     66.695     1.3789  34.734846  0.000e+00
     66.080     8.4514    32.9584    25.6039 1.0989e-01      2.168    1482.74     26.970     2.5517 271.467584    6.62643     66.720     1.3789  34.734539  0.000e+00
     66.093     8.4506    32.9589    25.6044 9.7680e-02      2.183    1482.74     26.967     2.5516 271.467585    6.62653     66.733     1.3484  34.734293  0.000e+00
     66.127     8.4493    32.9596    25.6052 9.7680e-02      2.154    1482.74     26.965     2.5514 271.467585    6.62669     66.767     1.3484  34.733864  0.000e+00
     66.140     8.4479    32.9608    25.6063 9.7680e-02      2.117    1482.73     26.963     2.5513 271.467586    6.62686     66.780     1.3484  34.733680  0.000e+00
     66.167     8.4477    32.9612    25.6066 9.7680e-02      2.095    1482.73     26.961     2.5511 271.467586    6.62686     66.807     1.3484  34.733925  0.000e+00
