Cruise data/ship_ctd/BN1_LYSF_280923.cnv
* Sea-Bird SBE 9 Data File:
* FileName = C:\CTD Brukere\UiO Kurs\Geo2320 2023\BN1_LYSF_280923.hex
* Software Version Seasave V 7.26.7.121
* Temperature SN = 5352
* Conductivity SN = 3840
* Number of Bytes Per Scan = 31
* Number of Voltage Words = 5
* Number of Scans Averaged by the Deck Unit = 1
* NMEA baud rate = 4800
** Ship: R/V Trygve Braarud
** Cruise:
** Station:
** Operator:
# nquan = 15
# nvalues = 4984                                  
# units = specified
# name 0 = depSM: Depth [salt water, m], lat = 59.90
# name 1 = t090C: Temperature [ITS-90, deg C]
# name 2 = sal00: Salinity, Practical [PSU]
# name 3 = sigma-t00: Density [sigma-t, kg/m^3 ]
# name 4 = flSP: Fluorescence, Seapoint
# name 5 = seaTurbMtr: Turbidity, Seapoint [FTU]
# name 6 = svCM: Sound Velocity [Chen-Millero, m/s]
# name 7 = sbeox0PS: Oxygen, SBE 43 [% saturation]
# name 8 = sbeox0Mg/L: Oxygen, SBE 43 [mg/l]
# name 9 = timeJ: Julian Days
# name 10 = oxsatML/L: Oxygen Saturation, Weiss [ml/l]
# name 11 = prDM: Pressure, Digiquartz [db]
# name 12 = wetStar: Fluorescence, WET Labs WETstar [mg/m^3]
# name 13 = c0mS/cm: Conductivity [mS/cm]
# name 14 = flag:  0.000e+00
# span 0 =      0.331,     81.165                 
# span 1 =     8.4358,    15.5983                 
# span 2 =    15.4600,    32.9762                 
# span 3 =    10.8979,    25.6202                 
# span 4 = 8.5470e-02, 1.1917e+01                 
# span 5 =      1.780,     27.817                 
# span 6 =    1482.59,    1495.54                 
# span 7 =     24.749,     84.768                 
# span 8 =     2.3184,     7.6341                 
# span 9 = 271.305891, 271.308294                 
# span 10 =    6.04607,    6.62803                
# span 11 =      0.334,     81.953                
# span 12 =     1.3178,     5.1945                
# span 13 =  20.627021,  34.980907                
# span 14 = 0.0000e+00, 0.0000e+00                
# interval = seconds: 0.0416667
# start_time = Sep 28 2023 07:20:29 [System UTC, first data scan.]
# bad_flag = -9.990e-29
*END*
[from data line 964]
      0.356    15.3618    15.4753    10.9092 4.6764e+00      2.659    1485.25     83.343     7.5870 271.306356    6.36183      0.360     5.0724  20.651281  0.000e+00
      0.368    15.3618    15.4755    10.9093 4.4567e+00      2.674    1485.25     83.350     7.5876 271.306357    6.36182      0.371     5.0724  20.651485  0.000e+00
      0.331    15.3618    15.4742    10.9083 4.2491e+00      2.652    1485.25     83.355     7.5881 271.306357    6.36187      0.334     5.0724  20.649908  0.000e+00
      0.392    15.3611    15.4729    10.9074 4.2613e+00      2.637    1485.25     83.360     7.5887 271.306358    6.36202      0.396     5.0724  20.647924  0.000e+00
      0.368    15.3615    15.4728    10.9073 4.1636e+00      2.630    1485.25     83.363     7.5889 271.306358    6.36197      0.371     5.0724  20.648077  0.000e+00
      0.356    15.3618    15.4738    10.9080 4.2491e+00      2.615    1485.25     83.365     7.5890 271.306359    6.36189      0.360     5.0724  20.649399  0.000e+00
      0.381    15.3623    15.4741    10.9081 4.1270e+00      2.637    1485.25     83.365     7.5890 271.306359    6.36181      0.384     5.0724  20.649959  0.000e+00
      0.379    15.3625    15.4740    10.9080 3.9194e+00      2.659    1485.25     83.365     7.5889 271.306359    6.36179      0.383     5.0419  20.649908  0.000e+00
      0.368    15.3626    15.4741    10.9081 3.9683e+00      2.623    1485.26     83.363     7.5887 271.306360    6.36177      0.371     5.0724  20.650162  0.000e+00
      0.381    15.3626    15.4746    10.9084 4.2491e+00      2.586    1485.26     83.360     7.5884 271.306360    6.36175      0.384     5.0724  20.650722  0.000e+00
      0.368    15.3626    15.4747    10.9086 4.7497e+00      2.608    1485.26     83.427     7.5945 271.306361    6.36174      0.371     5.0724  20.650925  0.000e+00
      0.368    15.3618    15.4749    10.9088 4.7619e+00      2.681    1485.25     83.429     7.5948 271.306361    6.36185      0.371     5.0724  20.650722  0.000e+00
      0.381    15.3616    15.4748    10.9088 4.9573e+00      2.703    1485.25     83.429     7.5949 271.306362    6.36188      0.384     5.0724  20.650518  0.000e+00
      0.368    15.3616    15.4742    10.9084 5.7387e+00      2.652    1485.25     83.427     7.5947 271.306362    6.36190      0.371     5.0419  20.649806  0.000e+00
      0.356    15.3613    15.4743    10.9085 6.8498e+00      2.615    1485.25     83.424     7.5945 271.306363    6.36194      0.360     5.0419  20.649755  0.000e+00
      0.368    15.3620    15.4741    10.9082 7.1673e+00      2.659    1485.25     83.420     7.5940 271.306363    6.36186      0.371     5.0724  20.649806  0.000e+00
      0.356    15.3613    15.4742    10.9084 6.8376e+00      2.755    1485.25     83.421     7.5942 271.306364    6.36194      0.360     5.0724  20.649654  0.000e+00
      0.356    15.3608    15.4745    10.9087 6.5934e+00      2.747    1485.25     83.422     7.5943 271.306364    6.36199      0.360     5.0724  20.649755  0.000e+00
      0.356    15.3606    15.4743    10.9086 6.3126e+00      2.681    1485.25     83.421     7.5943 271.306365    6.36202      0.360     5.0724  20.649501  0.000e+00
      0.355    15.3601    15.4743    10.9087 5.8120e+00      2.645    1485.25     83.418     7.5941 271.306365    6.36209      0.358     5.1029  20.649247  0.000e+00
      0.345    15.3601    15.4740    10.9085 5.1282e+00      2.689    1485.25     83.487     7.6004 271.306366    6.36210      0.348     5.1029  20.648840  0.000e+00
      0.356    15.3595    15.4743    10.9088 4.5788e+00      2.755    1485.24     83.490     7.6007 271.306366    6.36218      0.360     5.0724  20.648891  0.000e+00
      0.356    15.3598    15.4742    10.9087 4.2735e+00      2.725    1485.25     83.490     7.6008 271.306367    6.36214      0.360     5.0724  20.648941  0.000e+00
      0.355    15.3599    15.4740    10.9085 4.2979e+00      2.615    1485.25     83.490     7.6007 271.306367    6.36212      0.358     5.0724  20.648789  0.000e+00
      0.356    15.3603    15.4740    10.9084 4.3346e+00      2.571    1485.25     83.488     7.6004 271.306368    6.36208      0.360     5.0724  20.648891  0.000e+00
      0.345    15.3598    15.4742    10.9087 4.4322e+00      2.586    1485.25     83.484     7.6002 271.306368    6.36214      0.348     5.0724  20.648941  0.000e+00
      0.356    15.3598    15.4741    10.9086 4.6764e+00      2.593    1485.25     83.487     7.6004 271.306369    6.36215      0.360     5.0724  20.648789  0.000e+00
      0.368    15.3598    15.4739    10.9085 4.7009e+00      2.571    1485.25     83.488     7.6005 271.306369    6.36215      0.371     5.0724  20.648585  0.000e+00
      0.368    15.3603    15.4737    10.9082 4.7253e+00      2.542    1485.25     83.560     7.6070 271.306370    6.36210      0.371     5.0724  20.648535  0.000e+00
      0.356    15.3609    15.4736    10.9080 4.4811e+00      2.505    1485.25     83.565     7.6074 271.306370    6.36201      0.360     5.0724  20.648687  0.000e+00
      0.368    15.3609    15.4736    10.9080 4.8107e+00      2.484    1485.25     83.570     7.6078 271.306371    6.36201      0.371     5.0724  20.648738  0.000e+00
      0.379    15.3604    15.4738    10.9083 4.5788e+00      2.484    1485.25     83.573     7.6082 271.306371    6.36207      0.383     5.0724  20.648738  0.000e+00
      0.368    15.3599    15.4737    10.9083 4.4567e+00      2.520    1485.25     83.574     7.6083 271.306372    6.36214      0.371     5.0724  20.648433  0.000e+00
      0.381    15.3599    15.4736    10.9082 4.4689e+00      2.557    1485.25     83.574     7.6083 271.306372    6.36214      0.384     5.0724  20.648331  0.000e+00
      0.381    15.3598    15.4738    10.9084 4.6154e+00      2.623    1485.25     83.572     7.6082 271.306372    6.36216      0.384     5.0724  20.648484  0.000e+00
      0.379    15.3598    15.4738    10.9084 4.7619e+00      2.696    1485.25     83.569     7.6079 271.306373    6.36216      0.383     5.0419  20.648382  0.000e+00
      0.381    15.3603    15.4735    10.9081 4.6276e+00      2.747    1485.25     83.564     7.6074 271.306373    6.36210      0.384     5.0724  20.648331  0.000e+00
      0.392    15.3606    15.4733    10.9078 4.6764e+00      2.777    1485.25     83.557     7.6068 271.306374    6.36207      0.396     5.0724  20.648178  0.000e+00
      0.392    15.3601    15.4732    10.9079 4.5177e+00      2.733    1485.25     83.557     7.6068 271.306374    6.36213      0.396     5.0724  20.647924  0.000e+00
      0.390    15.3601    15.4733    10.9080 4.3346e+00      2.659    1485.25     83.483     7.6001 271.306375    6.36213      0.394     5.0724  20.648026  0.000e+00
      0.381    15.3601    15.4734    10.9080 4.2002e+00      2.615    1485.25     83.474     7.5992 271.306375    6.36213      0.384     5.0724  20.648128  0.000e+00
      0.392    15.3599    15.4732    10.9079 4.2002e+00      2.630    1485.25     83.463     7.5983 271.306376    6.36216      0.396     5.0724  20.647772  0.000e+00
      0.381    15.3604    15.4729    10.9076 5.0305e+00      2.659    1485.25     83.451     7.5971 271.306376    6.36210      0.384     5.0419  20.647670  0.000e+00
      0.403    15.3603    15.4730    10.9077 5.2991e+00      2.652    1485.25     83.439     7.5960 271.306377    6.36212      0.407     5.0419  20.647670  0.000e+00
      0.381    15.3606    15.4726    10.9073 5.2259e+00      2.615    1485.25     83.425     7.5948 271.306377    6.36209      0.384     5.0724  20.647364  0.000e+00
      0.392    15.3604    15.4726    10.9073 5.0183e+00      2.586    1485.25     83.419     7.5942 271.306378    6.36212      0.396     5.0724  20.647263  0.000e+00
      0.392    15.3608    15.4726    10.9073 4.7741e+00      2.579    1485.25     83.404     7.5928 271.306378    6.36207      0.396     5.0724  20.647415  0.000e+00
      0.390    15.3609    15.4726    10.9072 4.6886e+00      2.564    1485.25     83.395     7.5920 271.306379    6.36205      0.394     5.0724  20.647466  0.000e+00
      0.392    15.3611    15.4725    10.9071 4.4933e+00      2.549    1485.25     83.386     7.5912 271.306379    6.36203      0.396     5.0724  20.647466  0.000e+00
      0.381    15.3613    15.4728    10.9073 4.5055e+00      2.564    1485.25     83.305     7.5837 271.306380    6.36199      0.384     5.0724  20.647924  0.000e+00
      0.392    15.3615    15.4730    10.9075 5.5189e+00      2.659    1485.25     83.288     7.5821 271.306380    6.36196      0.396     5.0419  20.648280  0.000e+00
      0.379    15.3616    15.4731    10.9075 6.6545e+00      2.674    1485.25     83.270     7.5805 271.306381    6.36194      0.383     5.0419  20.648484  0.000e+00
      0.381    15.3613    15.4733    10.9077 6.8742e+00      2.608    1485.25     83.180     7.5723 271.306381    6.36197      0.384     5.0419  20.648534  0.000e+00
      0.381    15.3616    15.4730    10.9075 6.5324e+00      2.527    1485.25     83.227     7.5766 271.306382    6.36194      0.384     5.0724  20.648382  0.000e+00
      0.381    15.3613    15.4735    10.9079 5.9219e+00      2.462    1485.25     83.137     7.5684 271.306382    6.36197      0.384     5.0724  20.648789  0.000e+00
      0.379    15.3616    15.4737    10.9080 5.3236e+00      2.440    1485.25     83.112     7.5660 271.306383    6.36192      0.383     5.1029  20.649247  0.000e+00
      0.368    15.3616    15.4735    10.9078 5.1526e+00      2.425    1485.25     83.086     7.5637 271.306383    6.36193      0.371     5.0724  20.648941  0.000e+00
      0.381    15.3614    15.4735    10.9079 5.2503e+00      2.462    1485.25     82.989     7.5549 271.306384    6.36195      0.384     5.0724  20.648891  0.000e+00
      0.381    15.3615    15.4734    10.9078 5.5189e+00      2.579    1485.25     82.957     7.5519 271.306384    6.36195      0.384     5.0724  20.648789  0.000e+00
      0.379    15.3615    15.4735    10.9079 5.8364e+00      2.652    1485.25     82.932     7.5497 271.306385    6.36194      0.383     5.0724  20.648891  0.000e+00
      0.392    15.3613    15.4736    10.9080 5.6166e+00      2.659    1485.25     82.908     7.5475 271.306385    6.36196      0.396     5.0724  20.648941  0.000e+00
      0.392    15.3613    15.4735    10.9079 5.8852e+00      2.637    1485.25     82.885     7.5454 271.306386    6.36197      0.396     5.0419  20.648789  0.000e+00
      0.392    15.3618    15.4734    10.9077 5.9951e+00      2.608    1485.25     82.862     7.5433 271.306386    6.36191      0.396     5.0724  20.648891  0.000e+00
      0.390    15.3618    15.4737    10.9079 5.1770e+00      2.564    1485.25     82.840     7.5413 271.306386    6.36189      0.394     5.0724  20.649247  0.000e+00
      0.416    15.3620    15.4737    10.9079 4.4078e+00      2.520    1485.25     82.747     7.5328 271.306387    6.36187      0.420     5.0724  20.649399  0.000e+00
      0.405    15.3618    15.4738    10.9080 4.4811e+00      2.498    1485.25     82.719     7.5302 271.306387    6.36189      0.409     5.0724  20.649399  0.000e+00
      0.416    15.3620    15.4737    10.9079 4.3346e+00      2.542    1485.25     82.692     7.5278 271.306388    6.36187      0.420     5.0419  20.649399  0.000e+00
      0.415    15.3623    15.4737    10.9079 4.1026e+00      2.696    1485.25     82.666     7.5253 271.306388    6.36183      0.419     5.0419  20.649552  0.000e+00
      0.416    15.3629    15.4745    10.9084 4.1148e+00      3.004    1485.26     82.641     7.5229 271.306389    6.36171      0.420     5.0724  20.650875  0.000e+00
      0.416    15.3640    15.4760    10.9093 4.3712e+00      3.179    1485.26     82.625     7.5212 271.306389    6.36151      0.420     5.0724  20.653113  0.000e+00
      0.428    15.3646    15.4769    10.9098 4.8107e+00      3.077    1485.27     82.609     7.5197 271.306390    6.36139      0.432     5.0724  20.654537  0.000e+00
      0.415    15.3656    15.4771    10.9098 4.7131e+00      2.894    1485.27     82.595     7.5182 271.306390    6.36125      0.419     5.0724  20.655250  0.000e+00
      0.416    15.3665    15.4773    10.9098 4.5543e+00      2.747    1485.27     82.510     7.5103 271.306391    6.36113      0.420     5.0419  20.655911  0.000e+00
      0.416    15.3663    15.4779    10.9103 4.4811e+00      2.652    1485.27     82.492     7.5086 271.306391    6.36113      0.420     5.0419  20.656572  0.000e+00
      0.405    15.3657    15.4780    10.9105 5.1770e+00      2.645    1485.27     82.474     7.5072 271.306392    6.36121      0.409     5.0724  20.656369  0.000e+00
      0.415    15.3653    15.4772    10.9099 5.0427e+00      2.667    1485.27     82.459     7.5058 271.306392    6.36129      0.419     5.0724  20.655199  0.000e+00
      0.405    15.3646    15.4767    10.9097 4.4567e+00      2.615    1485.27     82.445     7.5047 271.306393    6.36140      0.409     5.0724  20.654283  0.000e+00
      0.392    15.3650    15.4762    10.9092 4.3346e+00      2.564    1485.27     82.440     7.5042 271.306393    6.36138      0.396     5.0724  20.653825  0.000e+00
      0.392    15.3648    15.4758    10.9090 4.5055e+00      2.513    1485.26     82.365     7.4974 271.306394    6.36141      0.396     5.0724  20.653265  0.000e+00
      0.379    15.3648    15.4755    10.9087 4.5421e+00      2.498    1485.26     82.356     7.4966 271.306394    6.36142      0.383     5.0724  20.652909  0.000e+00
      0.392    15.3648    15.4754    10.9087 4.5299e+00      2.498    1485.26     82.422     7.5027 271.306395    6.36142      0.396     5.0419  20.652858  0.000e+00
      0.368    15.3651    15.4752    10.9085 4.9939e+00      2.484    1485.26     82.425     7.5029 271.306395    6.36139      0.371     5.0419  20.652706  0.000e+00
      0.381    15.3648    15.4751    10.9084 5.1526e+00      2.527    1485.26     82.430     7.5034 271.306396    6.36144      0.384     5.0724  20.652451  0.000e+00
      0.368    15.3648    15.4749    10.9083 4.9573e+00      2.579    1485.26     82.437     7.5040 271.306396    6.36144      0.371     5.0724  20.652248  0.000e+00
      0.368    15.3648    15.4748    10.9082 4.8718e+00      2.549    1485.26     82.445     7.5048 271.306397    6.36145      0.371     5.0419  20.652044  0.000e+00
      0.381    15.3650    15.4747    10.9081 4.9451e+00      2.484    1485.26     82.384     7.4992 271.306397    6.36143      0.384     5.0419  20.651994  0.000e+00
      0.356    15.3646    15.4749    10.9083 5.1404e+00      2.469    1485.26     82.389     7.4997 271.306398    6.36147      0.360     5.0419  20.652146  0.000e+00
      0.379    15.3645    15.4745    10.9081 5.3602e+00      2.484    1485.26     82.396     7.5004 271.306398    6.36150      0.383     5.0419  20.651587  0.000e+00
      0.368    15.3643    15.4745    10.9081 5.4823e+00      2.491    1485.26     82.398     7.5006 271.306399    6.36153      0.371     5.0724  20.651485  0.000e+00
      0.368    15.3645    15.4746    10.9081 5.5922e+00      2.527    1485.26     82.402     7.5009 271.306399    6.36150      0.371     5.0724  20.651688  0.000e+00
      0.381    15.3645    15.4747    10.9082 5.8364e+00      2.571    1485.26     82.407     7.5014 271.306399    6.36150      0.384     5.0419  20.651739  0.000e+00
      0.355    15.3645    15.4747    10.9082 5.7509e+00      2.652    1485.26     82.414     7.5020 271.306400    6.36150      0.358     5.0724  20.651739  0.000e+00
      0.392    15.3643    15.4747    10.9082 5.5922e+00      2.740    1485.26     82.424     7.5029 271.306400    6.36152      0.396     5.0724  20.651739  0.000e+00
      0.381    15.3643    15.4747    10.9083 5.3846e+00      2.711    1485.26     82.435     7.5039 271.306401    6.36152      0.384     5.0724  20.651739  0.000e+00
      0.381    15.3646    15.4747    10.9082 5.0061e+00      2.652    1485.26     82.448     7.5050 271.306401    6.36147      0.384     5.0724  20.651892  0.000e+00
      0.381    15.3648    15.4750    10.9084 5.3846e+00      2.645    1485.26     82.462     7.5063 271.306402    6.36144      0.384     5.0724  20.652299  0.000e+00
