Cruise data/ship_ctd/BN1_LYSF_280923.cnv
* Sea-Bird SBE 9 Data File:
* FileName = C:\CTD Brukere\UiO Kurs\Geo2320 2023\BN1_LYSF_280923.hex
* Software Version Seasave V 7.26.7.121
* Temperature SN = 5352
* Conductivity SN = 3840
* Number of Bytes Per Scan = 31
* Number of Voltage Words = 5
* Number of Scans Averaged by the Deck Unit = 1
* NMEA baud rate = 4800
** Ship: R/V Trygve Braarud
** Cruise:
** Station:
** Operator:
# nquan = 15
# nvalues = 4984                                  
# units = specified
# name 0 = depSM: Depth [salt water, m], lat = 59.90
# name 1 = t090C: Temperature [ITS-90, deg C]
# name 2 = sal00: Salinity, Practical [PSU]
# name 3 = sigma-t00: Density [sigma-t, kg/m^3 ]
# name 4 = flSP: Fluorescence, Seapoint
# name 5 = seaTurbMtr: Turbidity, Seapoint [FTU]
# name 6 = svCM: Sound Velocity [Chen-Millero, m/s]
# name 7 = sbeox0PS: Oxygen, SBE 43 [% saturation]
# name 8 = sbeox0Mg/L: Oxygen, SBE 43 [mg/l]
# name 9 = timeJ: Julian Days
# name 10 = oxsatML/L: Oxygen Saturation, Weiss [ml/l]
# name 11 = prDM: Pressure, Digiquartz [db]
# name 12 = wetStar: Fluorescence, WET Labs WETstar [mg/m^3]
# name 13 = c0mS/cm: Conductivity [mS/cm]
# name 14 = flag:  0.000e+00
# span 0 =      0.331,     81.165                 
# span 1 =     8.4358,    15.5983                 
# span 2 =    15.4600,    32.9762                 
# span 3 =    10.8979,    25.6202                 
# span 4 = 8.5470e-02, 1.1917e+01                 
# span 5 =      1.780,     27.817                 
# span 6 =    1482.59,    1495.54                 
# span 7 =     24.749,     84.768                 
# span 8 =     2.3184,     7.6341                 
# span 9 = 271.305891, 271.308294                 
# span 10 =    6.04607,    6.62803                
# span 11 =      0.334,     81.953                
# span 12 =     1.3178,     5.1945                
# span 13 =  20.627021,  34.980907                
# span 14 = 0.0000e+00, 0.0000e+00                
# interval = seconds: 0.0416667
# start_time = Sep 28 2023 07:20:29 [System UTC, first data scan.]
# bad_flag = -9.990e-29
*END*
[from data line 868]
      0.381    15.3609    15.4791    10.9122 5.7875e+00      2.491    1485.26     82.998     7.5555 271.306310    6.36180      0.384     5.0419  20.655453  0.000e+00
      0.368    15.3618    15.4805    10.9131 5.5311e+00      2.498    1485.26     82.993     7.5548 271.306310    6.36163      0.371     5.0419  20.657539  0.000e+00
      0.381    15.3615    15.4808    10.9135 5.3236e+00      2.491    1485.26     82.988     7.5544 271.306311    6.36166      0.384     5.0419  20.657845  0.000e+00
      0.381    15.3608    15.4805    10.9133 6.0684e+00      2.513    1485.26     82.983     7.5541 271.306311    6.36176      0.384     5.0724  20.657132  0.000e+00
      0.368    15.3609    15.4803    10.9131 6.4713e+00      2.549    1485.26     82.978     7.5536 271.306312    6.36175      0.371     5.0724  20.656929  0.000e+00
      0.344    15.3623    15.4804    10.9130 5.9951e+00      2.579    1485.26     82.973     7.5529 271.306312    6.36157      0.347     5.0724  20.657743  0.000e+00
      0.405    15.3628    15.4804    10.9129 5.6532e+00      2.608    1485.26     82.968     7.5525 271.306313    6.36150      0.409     5.0419  20.657997  0.000e+00
      0.368    15.3628    15.4802    10.9127 5.5678e+00      2.681    1485.26     82.963     7.5520 271.306313    6.36151      0.371     5.0724  20.657692  0.000e+00
      0.368    15.3618    15.4805    10.9131 5.1893e+00      2.733    1485.26     82.958     7.5517 271.306314    6.36163      0.371     5.0419  20.657590  0.000e+00
      0.368    15.3618    15.4805    10.9131 4.9695e+00      2.696    1485.26     82.953     7.5513 271.306314    6.36163      0.371     5.0724  20.657590  0.000e+00
      0.379    15.3616    15.4803    10.9130 5.0305e+00      2.615    1485.26     82.949     7.5509 271.306315    6.36166      0.383     5.0724  20.657285  0.000e+00
      0.368    15.3613    15.4802    10.9130 5.1038e+00      2.615    1485.26     82.944     7.5504 271.306315    6.36171      0.371     5.0724  20.656980  0.000e+00
      0.368    15.3608    15.4799    10.9129 4.9328e+00      2.645    1485.26     82.939     7.5501 271.306316    6.36178      0.371     5.0724  20.656420  0.000e+00
      0.368    15.3599    15.4800    10.9131 4.5788e+00      2.711    1485.25     82.934     7.5498 271.306316    6.36189      0.371     5.0724  20.656115  0.000e+00
      0.379    15.3596    15.4801    10.9133 4.2247e+00      2.762    1485.25     83.001     7.5559 271.306317    6.36194      0.383     5.0724  20.656064  0.000e+00
      0.368    15.3596    15.4800    10.9132 4.0293e+00      2.777    1485.25     82.931     7.5496 271.306317    6.36194      0.371     5.0724  20.655911  0.000e+00
      0.381    15.3598    15.4796    10.9128 3.8095e+00      2.879    1485.25     82.998     7.5557 271.306318    6.36193      0.384     5.0724  20.655555  0.000e+00
      0.368    15.3601    15.4795    10.9127 3.4188e+00      2.835    1485.25     82.928     7.5492 271.306318    6.36189      0.371     5.0724  20.655606  0.000e+00
      0.379    15.3598    15.4797    10.9129 3.4554e+00      2.725    1485.25     82.922     7.5488 271.306318    6.36193      0.383     5.0724  20.655657  0.000e+00
      0.381    15.3598    15.4793    10.9126 4.0415e+00      2.659    1485.25     82.989     7.5548 271.306319    6.36194      0.384     5.1029  20.655199  0.000e+00
      0.381    15.3592    15.4793    10.9127 4.7619e+00      2.652    1485.25     82.918     7.5485 271.306319    6.36202      0.384     5.0724  20.654843  0.000e+00
      0.368    15.3589    15.4791    10.9126 5.0794e+00      2.652    1485.25     82.984     7.5546 271.306320    6.36206      0.371     5.0724  20.654487  0.000e+00
      0.379    15.3589    15.4786    10.9122 5.2381e+00      2.623    1485.25     82.914     7.5482 271.306320    6.36208      0.383     5.0724  20.653876  0.000e+00
      0.381    15.3588    15.4785    10.9122 5.5189e+00      2.579    1485.25     82.908     7.5476 271.306321    6.36210      0.384     5.0724  20.653724  0.000e+00
      0.381    15.3588    15.4783    10.9120 5.4457e+00      2.535    1485.25     82.901     7.5471 271.306321    6.36211      0.384     5.0724  20.653418  0.000e+00
      0.381    15.3588    15.4777    10.9116 5.3602e+00      2.520    1485.25     82.903     7.5473 271.306322    6.36213      0.384     5.0724  20.652757  0.000e+00
      0.379    15.3589    15.4775    10.9114 5.7143e+00      2.564    1485.25     82.897     7.5467 271.306322    6.36212      0.383     5.0724  20.652604  0.000e+00
      0.381    15.3591    15.4772    10.9111 6.1905e+00      2.630    1485.25     82.891     7.5462 271.306323    6.36211      0.384     5.0724  20.652299  0.000e+00
      0.381    15.3589    15.4772    10.9112 5.9829e+00      2.667    1485.25     82.893     7.5464 271.306323    6.36214      0.384     5.0724  20.652197  0.000e+00
      0.392    15.3584    15.4773    10.9113 5.3846e+00      2.689    1485.25     82.895     7.5467 271.306324    6.36220      0.396     5.0724  20.652045  0.000e+00
      0.379    15.3582    15.4769    10.9111 5.0427e+00      2.652    1485.24     82.898     7.5469 271.306324    6.36224      0.383     5.0724  20.651536  0.000e+00
      0.392    15.3582    15.4770    10.9111 5.2747e+00      2.579    1485.24     82.901     7.5472 271.306325    6.36223      0.396     5.0724  20.651638  0.000e+00
      0.392    15.3588    15.4771    10.9111 5.7021e+00      2.579    1485.25     82.904     7.5474 271.306325    6.36216      0.396     5.0724  20.652045  0.000e+00
      0.392    15.3591    15.4774    10.9113 5.5189e+00      2.674    1485.25     82.907     7.5476 271.306326    6.36211      0.396     5.0724  20.652503  0.000e+00
      0.390    15.3593    15.4777    10.9115 5.5433e+00      2.747    1485.25     82.839     7.5413 271.306326    6.36207      0.394     5.0724  20.652961  0.000e+00
      0.392    15.3596    15.4777    10.9114 5.8852e+00      2.718    1485.25     82.908     7.5476 271.306327    6.36203      0.396     5.0724  20.653062  0.000e+00
      0.392    15.3596    15.4773    10.9111 5.5189e+00      2.645    1485.25     82.905     7.5473 271.306327    6.36205      0.396     5.0419  20.652604  0.000e+00
      0.392    15.3593    15.4772    10.9111 4.8596e+00      2.630    1485.25     82.909     7.5478 271.306328    6.36209      0.396     5.0724  20.652401  0.000e+00
      0.390    15.3591    15.4773    10.9112 4.4933e+00      2.637    1485.25     82.842     7.5417 271.306328    6.36211      0.394     5.0724  20.652401  0.000e+00
      0.405    15.3591    15.4772    10.9111 4.7253e+00      2.608    1485.25     82.840     7.5415 271.306329    6.36211      0.409     5.0724  20.652248  0.000e+00
      0.392    15.3591    15.4768    10.9108 4.7253e+00      2.557    1485.25     82.839     7.5414 271.306329    6.36213      0.396     5.0724  20.651841  0.000e+00
      0.392    15.3589    15.4768    10.9109 4.4444e+00      2.513    1485.25     82.838     7.5414 271.306330    6.36215      0.396     5.0724  20.651740  0.000e+00
      0.390    15.3586    15.4767    10.9109 4.1514e+00      2.498    1485.25     82.838     7.5415 271.306330    6.36220      0.394     5.0724  20.651434  0.000e+00
      0.392    15.3588    15.4768    10.9109 3.8462e+00      2.505    1485.25     82.831     7.5408 271.306331    6.36217      0.396     5.0724  20.651638  0.000e+00
      0.392    15.3588    15.4766    10.9107 3.2967e+00      2.498    1485.25     82.825     7.5402 271.306331    6.36218      0.396     5.0724  20.651434  0.000e+00
      0.381    15.3588    15.4768    10.9109 2.9182e+00      2.491    1485.25     82.826     7.5403 271.306332    6.36217      0.384     5.0724  20.651638  0.000e+00
      0.390    15.3588    15.4768    10.9108 2.9182e+00      2.484    1485.25     82.820     7.5398 271.306332    6.36217      0.394     5.0724  20.651587  0.000e+00
      0.381    15.3592    15.4768    10.9108 3.2723e+00      2.505    1485.25     82.814     7.5392 271.306332    6.36211      0.384     5.0724  20.651841  0.000e+00
      0.392    15.3593    15.4767    10.9107 3.9072e+00      2.520    1485.25     82.737     7.5322 271.306333    6.36211      0.396     5.0419  20.651790  0.000e+00
      0.381    15.3595    15.4769    10.9108 4.5910e+00      2.535    1485.25     82.725     7.5310 271.306333    6.36208      0.384     5.0419  20.652045  0.000e+00
      0.379    15.3596    15.4770    10.9108 5.0794e+00      2.520    1485.25     82.714     7.5300 271.306334    6.36206      0.383     5.0724  20.652197  0.000e+00
      0.381    15.3596    15.4768    10.9107 5.3480e+00      2.469    1485.25     82.703     7.5290 271.306334    6.36206      0.384     5.0724  20.652045  0.000e+00
      0.392    15.3598    15.4770    10.9108 5.1160e+00      2.462    1485.25     82.693     7.5281 271.306335    6.36203      0.396     5.0724  20.652299  0.000e+00
      0.381    15.3606    15.4771    10.9108 4.5177e+00      2.527    1485.25     82.684     7.5270 271.306335    6.36191      0.384     5.0724  20.652910  0.000e+00
      0.379    15.3616    15.4777    10.9111 4.0293e+00      2.645    1485.26     82.675     7.5260 271.306336    6.36176      0.383     5.0724  20.654130  0.000e+00
      0.392    15.3616    15.4777    10.9110 3.7729e+00      2.791    1485.26     82.667     7.5253 271.306336    6.36176      0.396     5.0724  20.654080  0.000e+00
      0.381    15.3613    15.4769    10.9105 4.2735e+00      2.791    1485.25     82.659     7.5247 271.306337    6.36184      0.384     5.0724  20.652910  0.000e+00
      0.392    15.3611    15.4763    10.9101 5.3968e+00      2.703    1485.25     82.652     7.5241 271.306337    6.36188      0.396     5.0724  20.652146  0.000e+00
      0.379    15.3618    15.4766    10.9102 6.1172e+00      2.711    1485.26     82.645     7.5234 271.306338    6.36178      0.383     5.0419  20.652808  0.000e+00
      0.392    15.3620    15.4769    10.9103 6.1416e+00      2.718    1485.26     82.640     7.5228 271.306338    6.36175      0.396     5.0419  20.653215  0.000e+00
      0.392    15.3618    15.4768    10.9103 5.4090e+00      2.667    1485.26     82.634     7.5224 271.306339    6.36177      0.396     5.0419  20.653113  0.000e+00
      0.381    15.3616    15.4765    10.9101 5.3480e+00      2.637    1485.25     82.630     7.5220 271.306339    6.36181      0.384     5.0724  20.652604  0.000e+00
      0.379    15.3621    15.4761    10.9097 5.3724e+00      2.601    1485.26     82.626     7.5216 271.306340    6.36175      0.383     5.0419  20.652401  0.000e+00
      0.392    15.3625    15.4759    10.9095 4.8718e+00      2.549    1485.26     82.702     7.5285 271.306340    6.36172      0.396     5.0724  20.652248  0.000e+00
      0.381    15.3625    15.4753    10.9091 4.7863e+00      2.520    1485.26     82.707     7.5289 271.306341    6.36174      0.384     5.0419  20.651587  0.000e+00
      0.392    15.3615    15.4753    10.9092 4.7253e+00      2.498    1485.25     82.719     7.5302 271.306341    6.36187      0.396     5.0419  20.651027  0.000e+00
      0.390    15.3609    15.4746    10.9088 4.5299e+00      2.549    1485.25     82.725     7.5308 271.306342    6.36197      0.394     5.0724  20.649959  0.000e+00
      0.381    15.3606    15.4740    10.9084 4.1514e+00      2.645    1485.25     82.730     7.5314 271.306342    6.36204      0.384     5.0724  20.649094  0.000e+00
      0.392    15.3604    15.4737    10.9082 3.8462e+00      2.725    1485.25     82.744     7.5328 271.306343    6.36207      0.396     5.0724  20.648636  0.000e+00
      0.381    15.3603    15.4739    10.9084 4.0904e+00      2.740    1485.25     82.751     7.5334 271.306343    6.36209      0.384     5.0724  20.648840  0.000e+00
      0.390    15.3603    15.4742    10.9086 4.1636e+00      2.711    1485.25     82.766     7.5347 271.306344    6.36208      0.394     5.0724  20.649145  0.000e+00
      0.392    15.3601    15.4743    10.9087 3.9194e+00      2.733    1485.25     82.773     7.5354 271.306344    6.36209      0.396     5.0724  20.649196  0.000e+00
      0.381    15.3606    15.4742    10.9086 3.7241e+00      2.769    1485.25     82.781     7.5361 271.306345    6.36203      0.384     5.0724  20.649348  0.000e+00
      0.381    15.3606    15.4743    10.9086 3.6874e+00      2.747    1485.25     82.862     7.5434 271.306345    6.36203      0.384     5.0724  20.649399  0.000e+00
      0.390    15.3603    15.4745    10.9089 3.8828e+00      2.674    1485.25     82.877     7.5448 271.306345    6.36206      0.394     5.0724  20.649552  0.000e+00
      0.381    15.3601    15.4746    10.9090 4.1026e+00      2.623    1485.25     82.893     7.5463 271.306346    6.36208      0.384     5.0724  20.649603  0.000e+00
      0.392    15.3601    15.4749    10.9092 3.8950e+00      2.623    1485.25     82.909     7.5477 271.306346    6.36207      0.396     5.0724  20.649959  0.000e+00
      0.381    15.3601    15.4752    10.9094 3.7485e+00      2.601    1485.25     82.924     7.5491 271.306347    6.36205      0.384     5.0724  20.650366  0.000e+00
      0.379    15.3609    15.4754    10.9094 4.0537e+00      2.579    1485.25     82.940     7.5504 271.306347    6.36194      0.383     5.0724  20.650976  0.000e+00
      0.381    15.3621    15.4761    10.9097 3.8584e+00      2.608    1485.26     82.955     7.5516 271.306348    6.36175      0.384     5.0724  20.652401  0.000e+00
      0.381    15.3633    15.4771    10.9102 3.6264e+00      2.586    1485.26     82.971     7.5528 271.306348    6.36156      0.384     5.0724  20.654130  0.000e+00
      0.381    15.3638    15.4778    10.9107 3.8217e+00      2.564    1485.26     82.986     7.5541 271.306349    6.36147      0.384     5.0724  20.655199  0.000e+00
      0.379    15.3642    15.4779    10.9107 3.9683e+00      2.586    1485.26     83.002     7.5554 271.306349    6.36142      0.383     5.0724  20.655555  0.000e+00
      0.381    15.3650    15.4781    10.9107 3.9316e+00      2.564    1485.27     83.010     7.5560 271.306350    6.36130      0.384     5.0724  20.656114  0.000e+00
      0.356    15.3650    15.4786    10.9111 4.0659e+00      2.579    1485.27     83.025     7.5574 271.306350    6.36128      0.360     5.0724  20.656776  0.000e+00
      0.381    15.3646    15.4786    10.9111 4.6398e+00      2.681    1485.27     83.113     7.5654 271.306351    6.36133      0.384     5.0724  20.656572  0.000e+00
      0.379    15.3642    15.4779    10.9107 4.5177e+00      2.674    1485.26     83.135     7.5675 271.306351    6.36142      0.383     5.0724  20.655555  0.000e+00
      0.368    15.3636    15.4770    10.9102 4.0904e+00      2.630    1485.26     83.149     7.5690 271.306352    6.36152      0.371     5.0419  20.654232  0.000e+00
      0.368    15.3636    15.4767    10.9099 4.7253e+00      2.593    1485.26     83.163     7.5702 271.306352    6.36154      0.371     5.0419  20.653774  0.000e+00
      0.356    15.3628    15.4764    10.9098 6.5934e+00      2.564    1485.26     83.176     7.5716 271.306353    6.36165      0.360     5.0724  20.653062  0.000e+00
      0.344    15.3628    15.4759    10.9095 7.5702e+00      2.527    1485.26     83.189     7.5727 271.306353    6.36167      0.347     5.0724  20.652502  0.000e+00
      0.381    15.3621    15.4757    10.9094 7.9487e+00      2.491    1485.26     83.201     7.5740 271.306354    6.36177      0.384     5.0724  20.651892  0.000e+00
      0.356    15.3620    15.4753    10.9091 7.7045e+00      2.476    1485.25     83.284     7.5816 271.306354    6.36181      0.360     5.0724  20.651281  0.000e+00
      0.356    15.3618    15.4753    10.9092 6.4713e+00      2.505    1485.25     83.230     7.5767 271.306355    6.36183      0.360     5.0724  20.651281  0.000e+00
      0.331    15.3615    15.4754    10.9093 5.2381e+00      2.564    1485.25     83.311     7.5841 271.306355    6.36187      0.334     5.0724  20.651180  0.000e+00
