Cruise data/ship_ctd/CP1_Oksvallflua_280923.cnv
* Sea-Bird SBE 9 Data File:
* FileName = C:\CTD Brukere\UiO Kurs\Geo2320 2023\CP1_Oksvallflua_280923.hex
* Software Version Seasave V 7.26.7.121
* Temperature SN = 5352
* Conductivity SN = 3840
* Number of Bytes Per Scan = 31
* Number of Voltage Words = 5
* Number of Scans Averaged by the Deck Unit = 1
* NMEA baud rate = 4800
** Ship: R/V Trygve Braarud
** Cruise:
** Station:
** Operator:
# nquan = 15
# nvalues = 243                                   
# units = specified
# name 0 = depSM: Depth [salt water, m], lat = 59.90
# name 1 = t090C: Temperature [ITS-90, deg C]
# name 2 = sal00: Salinity, Practical [PSU]
# name 3 = sigma-t00: Density [sigma-t, kg/m^3 ]
# name 4 = flSP: Fluorescence, Seapoint
# name 5 = seaTurbMtr: Turbidity, Seapoint [FTU]
# name 6 = svCM: Sound Velocity [Chen-Millero, m/s]
# name 7 = sbeox0PS: Oxygen, SBE 43 [% saturation]
# name 8 = sbeox0Mg/L: Oxygen, SBE 43 [mg/l]
# name 9 = timeJ: Julian Days
# name 10 = oxsatML/L: Oxygen Saturation, Weiss [ml/l]
# name 11 = prDM: Pressure, Digiquartz [db]
# name 12 = wetStar: Fluorescence, WET Labs WETstar [mg/m^3]
# name 13 = c0mS/cm: Conductivity [mS/cm]
# name 14 = flag:  0.000e+00
# span 0 =      0.518,      0.793                 
# span 1 =    15.4979,    15.5075                 
# span 2 =    17.1146,    17.1398                 
# span 3 =    12.1375,    12.1554                 
# span 4 = 3.3944e+00, 9.9145e+00                 
# span 5 =      2.491,      3.524                 
# span 6 =    1487.60,    1487.66                 
# span 7 =     78.748,     84.256                 
# span 8 =     7.0751,     7.5702                 
# span 9 = 271.334734, 271.334851                 
# span 10 =    6.27850,    6.28059                
# span 11 =      0.523,      0.801                
# span 12 =     4.3703,     4.4619                
# span 13 =  22.716589,  22.751488                
# span 14 = 0.0000e+00, 0.0000e+00                
# interval = seconds: 0.0416667
# start_time = Sep 28 2023 08:02:01 [System UTC, first data scan.]
# bad_flag = -9.990e-29
*END*
[from data line 193]
      0.721    15.4991    17.1167    12.1391 6.5568e+00      3.414    1487.61     83.492     7.5034 271.334827    6.28045      0.727     4.4619  22.719479  0.000e+00
      0.711    15.4991    17.1189    12.1407 6.1783e+00      3.333    1487.61     83.491     7.5032 271.334827    6.28036      0.718     4.4314  22.722107  0.000e+00
      0.711    15.5015    17.1203    12.1413 5.8364e+00      3.114    1487.62     83.418     7.4961 271.334828    6.28000      0.718     4.4314  22.724997  0.000e+00
      0.722    15.5035    17.1211    12.1416 5.8608e+00      2.945    1487.63     83.480     7.5013 271.334828    6.27971      0.729     4.4314  22.727099  0.000e+00
      0.747    15.5040    17.1215    12.1418 5.8608e+00      2.857    1487.63     83.476     7.5009 271.334829    6.27962      0.754     4.4314  22.727834  0.000e+00
      0.721    15.5030    17.1214    12.1419 5.4090e+00      2.799    1487.62     83.470     7.5006 271.334829    6.27976      0.727     4.4314  22.727151  0.000e+00
      0.735    15.5015    17.1213    12.1422 4.7497e+00      2.740    1487.62     83.464     7.5003 271.334830    6.27996      0.742     4.4314  22.726311  0.000e+00
      0.722    15.5013    17.1217    12.1425 4.2002e+00      2.711    1487.62     83.464     7.5003 271.334830    6.27996      0.729     4.4314  22.726678  0.000e+00
      0.735    15.5006    17.1237    12.1442 4.3101e+00      2.711    1487.62     83.463     7.5002 271.334831    6.27998      0.742     4.4314  22.728781  0.000e+00
      0.721    15.4998    17.1255    12.1457 5.0549e+00      2.747    1487.62     83.461     7.5001 271.334831    6.28002      0.727     4.4314  22.730515  0.000e+00
      0.758    15.4985    17.1274    12.1473 5.8852e+00      2.835    1487.62     83.459     7.5000 271.334832    6.28012      0.765     4.4314  22.732039  0.000e+00
      0.722    15.4999    17.1280    12.1475 6.0562e+00      2.938    1487.62     83.455     7.4994 271.334832    6.27990      0.729     4.4314  22.733563  0.000e+00
      0.722    15.5026    17.1287    12.1476 5.7875e+00      2.996    1487.63     83.450     7.4985 271.334833    6.27953      0.729     4.4619  22.735876  0.000e+00
      0.735    15.5038    17.1293    12.1478 5.5067e+00      2.967    1487.64     83.445     7.4978 271.334833    6.27935      0.742     4.4314  22.737190  0.000e+00
      0.721    15.5030    17.1294    12.1480 5.1893e+00      2.908    1487.63     83.438     7.4974 271.334834    6.27946      0.727     4.4619  22.736822  0.000e+00
      0.747    15.5020    17.1291    12.1480 4.5055e+00      2.879    1487.63     83.439     7.4976 271.334834    6.27960      0.754     4.4619  22.736034  0.000e+00
      0.722    15.5018    17.1293    12.1482 3.6874e+00      2.850    1487.63     83.439     7.4975 271.334835    6.27961      0.729     4.4619  22.736139  0.000e+00
      0.722    15.5024    17.1293    12.1480 3.3944e+00      2.828    1487.63     83.430     7.4967 271.334835    6.27953      0.729     4.4619  22.736454  0.000e+00
      0.735    15.5033    17.1273    12.1463 3.5653e+00      2.857    1487.63     83.421     7.4958 271.334836    6.27950      0.742     4.4619  22.734457  0.000e+00
      0.721    15.5040    17.1246    12.1442 3.6386e+00      2.938    1487.63     83.418     7.4956 271.334836    6.27950      0.727     4.4619  22.731618  0.000e+00
      0.735    15.5043    17.1234    12.1432 4.0415e+00      3.048    1487.63     83.486     7.5017 271.334837    6.27951      0.742     4.4619  22.730305  0.000e+00
      0.747    15.5048    17.1240    12.1436 4.5299e+00      3.084    1487.63     83.490     7.5019 271.334837    6.27942      0.754     4.4619  22.731303  0.000e+00
      0.735    15.5052    17.1249    12.1441 4.7619e+00      3.018    1487.64     83.420     7.4955 271.334837    6.27934      0.742     4.4314  22.732512  0.000e+00
      0.735    15.5041    17.1257    12.1450 4.5910e+00      2.930    1487.63     83.486     7.5016 271.334838    6.27945      0.742     4.4314  22.732985  0.000e+00
      0.745    15.5028    17.1262    12.1456 4.1636e+00      2.835    1487.63     83.487     7.5019 271.334838    6.27960      0.752     4.4314  22.732880  0.000e+00
      0.747    15.5013    17.1260    12.1457 3.7607e+00      2.769    1487.62     83.486     7.5021 271.334839    6.27980      0.754     4.4314  22.731882  0.000e+00
      0.747    15.5004    17.1253    12.1454 4.1392e+00      2.747    1487.62     83.485     7.5021 271.334839    6.27994      0.754     4.4009  22.730620  0.000e+00
      0.758    15.5001    17.1250    12.1452 4.4689e+00      2.755    1487.62     83.483     7.5020 271.334840    6.28000      0.765     4.4314  22.729990  0.000e+00
      0.758    15.5018    17.1241    12.1442 4.5177e+00      2.784    1487.62     83.480     7.5015 271.334840    6.27981      0.765     4.4314  22.729884  0.000e+00
      0.758    15.5024    17.1244    12.1443 5.1038e+00      2.828    1487.63     83.484     7.5017 271.334841    6.27972      0.765     4.4619  22.730515  0.000e+00
      0.771    15.5038    17.1254    12.1448 7.0330e+00      2.879    1487.63     83.487     7.5018 271.334841    6.27951      0.778     4.4619  22.732407  0.000e+00
      0.758    15.5057    17.1263    12.1452 8.9377e+00      2.930    1487.64     83.482     7.5010 271.334842    6.27922      0.765     4.4619  22.734562  0.000e+00
      0.771    15.5068    17.1273    12.1457 9.3162e+00      2.989    1487.64     83.483     7.5009 271.334842    6.27904      0.778     4.4619  22.736349  0.000e+00
      0.758    15.5070    17.1281    12.1463 8.7790e+00      3.048    1487.65     83.556     7.5073 271.334843    6.27898      0.765     4.4314  22.737400  0.000e+00
      0.769    15.5069    17.1286    12.1467 8.1441e+00      3.062    1487.65     83.563     7.5080 271.334843    6.27898      0.776     4.4314  22.737978  0.000e+00
      0.771    15.5065    17.1293    12.1472 8.4371e+00      3.055    1487.65     83.498     7.5021 271.334844    6.27900      0.778     4.4314  22.738556  0.000e+00
      0.758    15.5065    17.1302    12.1479 7.7534e+00      3.099    1487.65     83.496     7.5020 271.334844    6.27897      0.765     4.4314  22.739660  0.000e+00
      0.758    15.5072    17.1304    12.1480 6.3614e+00      3.150    1487.65     83.566     7.5081 271.334845    6.27887      0.765     4.4314  22.740291  0.000e+00
      0.758    15.5067    17.1304    12.1481 6.0562e+00      3.143    1487.65     83.570     7.5086 271.334845    6.27893      0.765     4.4314  22.740081  0.000e+00
      0.758    15.5058    17.1303    12.1482 6.4713e+00      3.077    1487.64     83.574     7.5090 271.334846    6.27905      0.765     4.4314  22.739450  0.000e+00
      0.758    15.5060    17.1293    12.1474 6.6422e+00      3.011    1487.64     83.576     7.5092 271.334846    6.27906      0.765     4.4314  22.738346  0.000e+00
      0.758    15.5067    17.1285    12.1466 6.2393e+00      2.967    1487.64     83.577     7.5093 271.334847    6.27901      0.765     4.4314  22.737715  0.000e+00
      0.758    15.5065    17.1291    12.1471 6.0928e+00      2.945    1487.64     83.578     7.5094 271.334847    6.27901      0.765     4.4314  22.738346  0.000e+00
      0.758    15.5063    17.1301    12.1479 5.9951e+00      2.916    1487.65     83.585     7.5100 271.334848    6.27899      0.765     4.4314  22.739450  0.000e+00
      0.758    15.5060    17.1304    12.1482 5.7387e+00      2.894    1487.64     83.584     7.5100 271.334848    6.27903      0.765     4.4314  22.739608  0.000e+00
      0.747    15.5058    17.1304    12.1482 5.2747e+00      2.894    1487.64     83.583     7.5098 271.334849    6.27905      0.754     4.4314  22.739555  0.000e+00
      0.758    15.5058    17.1301    12.1480 4.6032e+00      2.886    1487.64     83.580     7.5096 271.334849    6.27906      0.765     4.4619  22.739187  0.000e+00
      0.758    15.5058    17.1298    12.1478 4.4078e+00      2.828    1487.64     83.576     7.5093 271.334850    6.27907      0.765     4.4619  22.738872  0.000e+00
      0.721    15.5063    17.1288    12.1469 4.5910e+00      2.777    1487.64     83.571     7.5088 271.334850    6.27904      0.727     4.4619  22.737925  0.000e+00
      0.793    15.5061    17.1283    12.1466 4.6276e+00      2.762    1487.64     83.574     7.5091 271.334851    6.27909      0.801     4.4314  22.737190  0.000e+00
