Cruise data/ship_ctd/CP1_Oksvallflua_280923_tokt2.cnv
* Sea-Bird SBE 9 Data File:
* FileName = C:\CTD Brukere\UiO Kurs\Geo2320 2023\CP1_Oksvallflua_280923_tokt2.hex
* Software Version Seasave V 7.26.7.121
* Temperature SN = 5352
* Conductivity SN = 3840
* Number of Bytes Per Scan = 31
* Number of Voltage Words = 5
* Number of Scans Averaged by the Deck Unit = 1
* NMEA baud rate = 4800
** Ship: R/V Trygve Braarud
** Cruise:
** Station:
** Operator:
# nquan = 15
# nvalues = 3845                                  
# units = specified
# name 0 = depSM: Depth [salt water, m], lat = 59.90
# name 1 = t090C: Temperature [ITS-90, deg C]
# name 2 = sal00: Salinity, Practical [PSU]
# name 3 = sigma-t00: Density [sigma-t, kg/m^3 ]
# name 4 = flSP: Fluorescence, Seapoint
# name 5 = seaTurbMtr: Turbidity, Seapoint [FTU]
# name 6 = svCM: Sound Velocity [Chen-Millero, m/s]
# name 7 = sbeox0PS: Oxygen, SBE 43 [% saturation]
# name 8 = sbeox0Mg/L: Oxygen, SBE 43 [mg/l]
# name 9 = timeJ: Julian Days
# name 10 = oxsatML/L: Oxygen Saturation, Weiss [ml/l]
# name 11 = prDM: Pressure, Digiquartz [db]
# name 12 = wetStar: Fluorescence, WET Labs WETstar [mg/m^3]
# name 13 = c0mS/cm: Conductivity [mS/cm]
# name 14 = flag:  0.000e+00
# span 0 =      0.588,     81.014                 
# span 1 =     8.3385,    15.7636                 
# span 2 =    16.9110,    33.1091                 
# span 3 =    11.9607,    25.7390                 
# span 4 = 7.3260e-02, 1.2454e+01                 
# span 5 =      1.663,      2.755                 
# span 6 =    1482.44,    1495.71                 
# span 7 =     23.218,     87.070                 
# span 8 =     2.1799,     7.8145                 
# span 9 = 271.502627, 271.504481                 
# span 10 =    6.03971,    6.63760                
# span 11 =      0.594,     81.801                
# span 12 =     1.2263,     4.4314                
# span 13 =  22.526326,  34.783981                
# span 14 = 0.0000e+00, 0.0000e+00                
# interval = seconds: 0.0416667
# start_time = Sep 28 2023 12:03:47 [System UTC, first data scan.]
# bad_flag = -9.990e-29
*END*
[from data line 1543]
     31.010     9.6550    31.2630    24.0911 9.7680e-02      1.817    1484.54     28.200     2.6264 271.503371    6.51972     31.307     1.8978  34.129953  0.000e+00
     31.021     9.6548    31.2637    24.0917 1.0989e-01      1.795    1484.54     28.130     2.6199 271.503372    6.51972     31.319     1.8978  34.130441  0.000e+00
     31.070     9.6543    31.2645    24.0923 1.0989e-01      1.788    1484.54     28.141     2.6209 271.503372    6.51976     31.368     1.9283  34.130807  0.000e+00
     31.094     9.6537    31.2661    24.0937 1.0989e-01      1.817    1484.54     28.082     2.6154 271.503373    6.51978     31.392     1.8978  34.131844  0.000e+00
     31.117     9.6535    31.2689    24.0959 1.0989e-01      1.824    1484.55     28.018     2.6094 271.503373    6.51970     31.415     1.8978  34.134466  0.000e+00
     31.138     9.6532    31.2701    24.0969 1.0989e-01      1.839    1484.55     27.950     2.6031 271.503374    6.51969     31.437     1.8978  34.135442  0.000e+00
     31.177     9.6541    31.2737    24.0996 1.0989e-01      1.846    1484.55     27.953     2.6032 271.503374    6.51942     31.476     1.8978  34.139712  0.000e+00
     31.190     9.6701    31.2697    24.0939 1.0989e-01      1.846    1484.61     27.897     2.5972 271.503375    6.51726     31.489     1.8978  34.149469  0.000e+00
     31.226     9.6984    31.2540    24.0772 1.0989e-01      1.832    1484.69     27.838     2.5903 271.503375    6.51379     31.525     1.8978  34.158311  0.000e+00
     31.250     9.6976    31.2581    24.0805 1.0989e-01      1.810    1484.70     27.771     2.5841 271.503376    6.51373     31.550     1.8978  34.161666  0.000e+00
     31.274     9.6855    31.2710    24.0924 1.0989e-01      1.795    1484.67     27.774     2.5849 271.503376    6.51497     31.574     1.8978  34.163925  0.000e+00
     31.310     9.6746    31.2822    24.1030 1.0989e-01      1.780    1484.64     27.707     2.5791 271.503377    6.51608     31.610     1.8673  34.165757  0.000e+00
     31.331     9.6673    31.2902    24.1104 9.7680e-02      1.780    1484.63     27.636     2.5727 271.503377    6.51681     31.631     1.8978  34.167344  0.000e+00
     31.346     9.6657    31.2943    24.1138 9.7680e-02      1.795    1484.63     27.570     2.5666 271.503378    6.51687     31.646     1.8673  34.170029  0.000e+00
     31.393     9.6780    31.2879    24.1069 1.0989e-01      1.810    1484.66     27.501     2.5596 271.503378    6.51535     31.694     1.8673  34.174298  0.000e+00
     31.406     9.7059    31.2676    24.0866 9.7680e-02      1.839    1484.74     27.504     2.5587 271.503379    6.51214     31.707     1.8673  34.178200  0.000e+00
     31.441     9.7306    31.2484    24.0676 1.0989e-01      1.839    1484.81     27.437     2.5514 271.503379    6.50937     31.743     1.8673  34.180333  0.000e+00
     31.466     9.7356    31.2439    24.0633 9.7680e-02      1.839    1484.82     27.373     2.5452 271.503380    6.50882     31.767     1.8978  34.180272  0.000e+00
     31.490     9.7157    31.2601    24.0792 1.0989e-01      1.824    1484.77     27.378     2.5465 271.503380    6.51104     31.792     1.8673  34.179176  0.000e+00
     31.513     9.6899    31.2813    24.0998 1.0989e-01      1.810    1484.70     27.236     2.5344 271.503381    6.51390     31.815     1.8673  34.177958  0.000e+00
     31.550     9.6709    31.2975    24.1155 1.0989e-01      1.802    1484.65     27.241     2.5357 271.503381    6.51598     31.853     1.8673  34.177656  0.000e+00
     31.571     9.6571    31.3094    24.1270 1.0989e-01      1.802    1484.62     27.167     2.5293 271.503382    6.51749     31.874     1.8368  34.177657  0.000e+00
     31.597     9.6487    31.3165    24.1339 1.0989e-01      1.802    1484.59     27.099     2.5233 271.503382    6.51842     31.900     1.8368  34.177414  0.000e+00
     31.622     9.6471    31.3178    24.1351 1.0989e-01      1.795    1484.59     27.102     2.5236 271.503383    6.51859     31.925     1.8368  34.177353  0.000e+00
     31.646     9.6461    31.3182    24.1356 9.7680e-02      1.788    1484.59     27.034     2.5174 271.503383    6.51872     31.949     1.8368  34.176865  0.000e+00
     31.682     9.6437    31.3202    24.1375 9.7680e-02      1.780    1484.58     26.972     2.5117 271.503383    6.51900     31.985     1.8673  34.176744  0.000e+00
     31.693     9.6412    31.3216    24.1390 9.7680e-02      1.780    1484.57     26.980     2.5126 271.503384    6.51929     31.997     1.8673  34.176012  0.000e+00
     31.717     9.6395    31.3231    24.1405 9.7680e-02      1.780    1484.57     26.919     2.5070 271.503384    6.51948     32.021     1.8673  34.176012  0.000e+00
     31.753     9.6460    31.3177    24.1353 9.7680e-02      1.773    1484.59     26.853     2.5006 271.503385    6.51877     32.057     1.8673  34.176317  0.000e+00
     31.777     9.6625    31.3039    24.1218 9.7680e-02      1.780    1484.63     26.869     2.5013 271.503385    6.51694     32.082     1.8368  34.176864  0.000e+00
     31.802     9.6759    31.2925    24.1108 9.7680e-02      1.780    1484.67     26.814     2.4957 271.503386    6.51546     32.107     1.8368  34.177229  0.000e+00
     31.826     9.6777    31.2896    24.1083 9.7680e-02      1.780    1484.67     26.753     2.4899 271.503386    6.51532     32.131     1.8673  34.175886  0.000e+00
     31.847     9.6699    31.2952    24.1138 9.7680e-02      1.795    1484.65     26.686     2.4841 271.503387    6.51622     32.152     1.8673  34.174728  0.000e+00
     31.862     9.6623    31.3009    24.1195 9.7680e-02      1.802    1484.63     26.625     2.4787 271.503387    6.51709     32.167     1.8673  34.173814  0.000e+00
     31.909     9.6536    31.3069    24.1256 9.7680e-02      1.802    1484.61     26.634     2.4799 271.503388    6.51811     32.215     1.8673  34.172228  0.000e+00
     31.922     9.6483    31.3120    24.1304 9.7680e-02      1.788    1484.59     26.573     2.4744 271.503388    6.51866     32.228     1.8673  34.172717  0.000e+00
     31.933     9.6651    31.2988    24.1174 9.7680e-02      1.788    1484.64     26.509     2.4678 271.503389    6.51678     32.239     1.8673  34.174119  0.000e+00
     31.969     9.6740    31.2909    24.1099 9.7680e-02      1.788    1484.66     26.515     2.4680 271.503389    6.51581     32.275     1.8673  34.174057  0.000e+00
     31.993     9.6738    31.2901    24.1092 1.0989e-01      1.773    1484.66     26.449     2.4619 271.503390    6.51587     32.300     1.8673  34.173019  0.000e+00
     32.017     9.6780    31.2853    24.1048 1.2210e-01      1.780    1484.67     26.389     2.4562 271.503390    6.51545     32.324     1.8673  34.171982  0.000e+00
     32.029     9.6826    31.2812    24.1009 1.2210e-01      1.810    1484.68     26.324     2.4499 271.503391    6.51497     32.336     1.8673  34.171798  0.000e+00
     32.064     9.6745    31.2905    24.1094 1.0989e-01      1.817    1484.66     26.328     2.4505 271.503391    6.51576     32.372     1.8673  34.174057  0.000e+00
     32.077     9.6521    31.3155    24.1325 1.0989e-01      1.802    1484.61     26.270     2.4460 271.503392    6.51797     32.385     1.8673  34.179490  0.000e+00
     32.113     9.6283    31.3413    24.1565 1.0989e-01      1.795    1484.56     26.282     2.4480 271.503392    6.52035     32.421     1.8368  34.184557  0.000e+00
     32.124     9.6113    31.3597    24.1736 1.0989e-01      1.788    1484.52     26.224     2.4432 271.503393    6.52206     32.433     1.8368  34.188038  0.000e+00
     32.149     9.5991    31.3733    24.1861 1.0989e-01      1.810    1484.49     26.161     2.4378 271.503393    6.52327     32.457     1.8368  34.190907  0.000e+00
     32.162     9.5929    31.3808    24.1930 1.0989e-01      1.824    1484.48     26.104     2.4327 271.503394    6.52387     32.470     1.8368  34.192983  0.000e+00
     32.197     9.5885    31.3879    24.1992 1.0989e-01      1.824    1484.47     26.042     2.4270 271.503394    6.52421     32.506     1.8368  34.196218  0.000e+00
     32.209     9.5845    31.3938    24.2044 1.0989e-01      1.832    1484.46     25.975     2.4209 271.503395    6.52455     32.518     1.8368  34.198538  0.000e+00
     32.194     9.5820    31.3964    24.2069 9.7680e-02      1.832    1484.46     25.979     2.4213 271.503395    6.52479     32.503     1.8368  34.199026  0.000e+00
     32.293     9.5817    31.3972    24.2075 9.7680e-02      1.810    1484.46     25.912     2.4151 271.503396    6.52481     32.603     1.8368  34.199515  0.000e+00
     32.269     9.5820    31.3971    24.2074 9.7680e-02      1.802    1484.46     25.925     2.4163 271.503396    6.52477     32.578     1.8368  34.199698  0.000e+00
     32.293     9.5846    31.3952    24.2055 9.7680e-02      1.802    1484.47     25.868     2.4109 271.503397    6.52447     32.603     1.8062  34.200064  0.000e+00
     32.318     9.5851    31.3952    24.2054 9.7680e-02      1.795    1484.47     25.805     2.4050 271.503397    6.52440     32.627     1.8062  34.200491  0.000e+00
     32.329     9.5854    31.3948    24.2051 9.7680e-02      1.788    1484.47     25.737     2.3987 271.503397    6.52437     32.639     1.8062  34.200369  0.000e+00
     32.340     9.5895    31.3906    24.2012 1.0989e-01      1.832    1484.48     25.675     2.3927 271.503398    6.52395     32.650     1.8062  34.199819  0.000e+00
     32.365     9.5948    31.3859    24.1966 9.7680e-02      1.883    1484.49     25.682     2.3932 271.503398    6.52337     32.675     1.8062  34.199697  0.000e+00
     32.389     9.6006    31.3805    24.1915 9.7680e-02      1.883    1484.51     25.619     2.3871 271.503399    6.52275     32.700     1.7757  34.199452  0.000e+00
     32.413     9.6053    31.3746    24.1862 1.0989e-01      1.853    1484.52     25.626     2.3875 271.503399    6.52231     32.724     1.7757  34.197682  0.000e+00
     32.425     9.6188    31.3586    24.1715 1.0989e-01      1.832    1484.55     25.572     2.3821 271.503400    6.52102     32.736     1.8062  34.193469  0.000e+00
     32.449     9.6276    31.3494    24.1629 1.0989e-01      1.839    1484.57     25.513     2.3763 271.503400    6.52012     32.760     1.7757  34.192004  0.000e+00
     32.473     9.6302    31.3463    24.1601 9.7680e-02      1.846    1484.58     25.448     2.3701 271.503401    6.51987     32.785     1.7757  34.191210  0.000e+00
     32.473     9.6524    31.3243    24.1394 9.7680e-02      1.853    1484.63     25.455     2.3699 271.503401    6.51755     32.785     1.8062  34.188644  0.000e+00
     32.496     9.6720    31.3062    24.1221 9.7680e-02      1.883    1484.68     25.390     2.3632 271.503402    6.51546     32.808     1.8062  34.187666  0.000e+00
     32.520     9.6816    31.2990    24.1149 9.7680e-02      1.905    1484.71     25.329     2.3571 271.503402    6.51437     32.832     1.8062  34.188702  0.000e+00
     32.545     9.6845    31.2980    24.1137 9.7680e-02      1.927    1484.72     25.262     2.3507 271.503403    6.51399     32.857     1.8062  34.190228  0.000e+00
     32.556     9.6688    31.3149    24.1294 9.7680e-02      2.029    1484.68     25.263     2.3514 271.503403    6.51557     32.868     1.8062  34.193403  0.000e+00
     32.580     9.6338    31.3499    24.1623 9.7680e-02      2.117    1484.60     25.202     2.3469 271.503404    6.51920     32.893     1.8368  34.197862  0.000e+00
     32.593     9.6112    31.3717    24.1830 9.7680e-02      2.081    1484.54     25.201     2.3477 271.503404    6.52158     32.906     1.8062  34.199940  0.000e+00
     32.605     9.6021    31.3805    24.1912 9.7680e-02      1.978    1484.52     25.140     2.3424 271.503405    6.52254     32.917     1.8062  34.200734  0.000e+00
     32.629     9.6022    31.3800    24.1909 9.7680e-02      1.890    1484.52     25.075     2.3363 271.503405    6.52254     32.942     1.8062  34.200429  0.000e+00
     32.653     9.6119    31.3697    24.1812 9.7680e-02      1.832    1484.54     25.079     2.3364 271.503406    6.52155     32.967     1.7757  34.198597  0.000e+00
     32.665     9.6242    31.3568    24.1692 9.7680e-02      1.810    1484.57     25.023     2.3307 271.503406    6.52031     32.978     1.8062  34.196460  0.000e+00
     32.676     9.6366    31.3438    24.1571 9.7680e-02      1.802    1484.60     24.961     2.3245 271.503407    6.51905     32.989     1.8062  34.194261  0.000e+00
     32.700     9.6273    31.3539    24.1665 9.7680e-02      1.802    1484.58     24.966     2.3253 271.503407    6.51997     33.014     1.8062  34.196337  0.000e+00
     32.713     9.5892    31.3925    24.2027 9.7680e-02      1.795    1484.49     24.908     2.3212 271.503408    6.52392     33.027     1.8062  34.201529  0.000e+00
     32.725     9.5666    31.4150    24.2239 9.7680e-02      1.773    1484.43     24.845     2.3162 271.503408    6.52627     33.039     1.8062  34.204217  0.000e+00
     32.760     9.5558    31.4255    24.2338 9.7680e-02      1.766    1484.41     24.853     2.3173 271.503409    6.52740     33.075     1.8062  34.205317  0.000e+00
     32.772     9.5425    31.4367    24.2446 9.7680e-02      1.788    1484.37     24.799     2.3128 271.503409    6.52888     33.086     1.8062  34.204831  0.000e+00
     32.785     9.5330    31.4449    24.2525 9.7680e-02      1.810    1484.35     24.815     2.3146 271.503410    6.52993     33.099     1.8062  34.204649  0.000e+00
     32.809     9.5319    31.4459    24.2535 9.7680e-02      1.802    1484.34     24.760     2.3096 271.503410    6.53004     33.124     1.8062  34.204832  0.000e+00
     32.832     9.5265    31.4501    24.2576 9.7680e-02      1.795    1484.33     24.699     2.3041 271.503410    6.53066     33.147     1.8062  34.204222  0.000e+00
     32.845     9.5287    31.4464    24.2544 9.7680e-02      1.780    1484.33     24.632     2.2978 271.503411    6.53048     33.160     1.8062  34.202574  0.000e+00
     32.856     9.5316    31.4434    24.2516 9.7680e-02      1.773    1484.34     24.645     2.2989 271.503411    6.53018     33.171     1.8062  34.202147  0.000e+00
     32.892     9.5277    31.4475    24.2554 1.0989e-01      1.780    1484.33     24.585     2.2935 271.503412    6.53058     33.207     1.8062  34.202819  0.000e+00
     32.905     9.5325    31.4427    24.2509 1.2210e-01      1.788    1484.34     24.596     2.2942 271.503412    6.53009     33.220     1.8062  34.202147  0.000e+00
     32.929     9.5456    31.4304    24.2392 1.2210e-01      1.788    1484.38     24.620     2.2960 271.503413    6.52869     33.245     1.8062  34.201352  0.000e+00
     32.941     9.5456    31.4314    24.2400 1.0989e-01      1.780    1484.38     24.572     2.2915 271.503413    6.52866     33.256     1.8062  34.202328  0.000e+00
     32.966     9.5323    31.4442    24.2521 1.0989e-01      1.766    1484.35     24.590     2.2938 271.503414    6.53006     33.283     1.8368  34.203490  0.000e+00
     32.989     9.5183    31.4571    24.2644 1.0989e-01      1.758    1484.31     24.537     2.2893 271.503414    6.53156     33.306     1.8368  34.204163  0.000e+00
     33.001     9.5084    31.4657    24.2727 9.7680e-02      1.758    1484.29     24.487     2.2850 271.503415    6.53264     33.317     1.8062  34.204103  0.000e+00
     33.036     9.5023    31.4709    24.2777 1.0989e-01      1.758    1484.27     24.507     2.2871 271.503415    6.53332     33.353     1.8062  34.203920  0.000e+00
     33.036     9.4985    31.4741    24.2808 9.7680e-02      1.751    1484.26     24.464     2.2832 271.503416    6.53375     33.353     1.8062  34.203738  0.000e+00
     33.072     9.4950    31.4771    24.2837 9.7680e-02      1.744    1484.25     24.490     2.2858 271.503416    6.53413     33.389     1.8062  34.203738  0.000e+00
     33.085     9.4922    31.4793    24.2859 9.7680e-02      1.744    1484.24     24.444     2.2816 271.503417    6.53445     33.402     1.8062  34.203495  0.000e+00
