Cruise data/ship_ctd/CP1_Oksvallflua_280923_2.cnv
* Sea-Bird SBE 9 Data File:
* FileName = C:\CTD Brukere\UiO Kurs\Geo2320 2023\CP1_Oksvallflua_280923_2.hex
* Software Version Seasave V 7.26.7.121
* Temperature SN = 5352
* Conductivity SN = 3840
* Number of Bytes Per Scan = 31
* Number of Voltage Words = 5
* Number of Scans Averaged by the Deck Unit = 1
* NMEA baud rate = 4800
** Ship: R/V Trygve Braarud
** Cruise:
** Station:
** Operator:
# nquan = 15
# nvalues = 4353                                  
# units = specified
# name 0 = depSM: Depth [salt water, m], lat = 59.90
# name 1 = t090C: Temperature [ITS-90, deg C]
# name 2 = sal00: Salinity, Practical [PSU]
# name 3 = sigma-t00: Density [sigma-t, kg/m^3 ]
# name 4 = flSP: Fluorescence, Seapoint
# name 5 = seaTurbMtr: Turbidity, Seapoint [FTU]
# name 6 = svCM: Sound Velocity [Chen-Millero, m/s]
# name 7 = sbeox0PS: Oxygen, SBE 43 [% saturation]
# name 8 = sbeox0Mg/L: Oxygen, SBE 43 [mg/l]
# name 9 = timeJ: Julian Days
# name 10 = oxsatML/L: Oxygen Saturation, Weiss [ml/l]
# name 11 = prDM: Pressure, Digiquartz [db]
# name 12 = wetStar: Fluorescence, WET Labs WETstar [mg/m^3]
# name 13 = c0mS/cm: Conductivity [mS/cm]
# name 14 = flag:  0.000e+00
# span 0 =      0.591,     81.403                 
# span 1 =     8.3362,    15.8761                 
# span 2 =    16.9865,    33.1136                 
# span 3 =    12.0492,    25.7428                 
# span 4 = 7.3260e-02, 1.2308e+01                 
# span 5 =      1.663,     13.187                 
# span 6 =    1482.38,    1495.77                 
# span 7 =     23.845,     85.270                 
# span 8 =     2.2251,     7.6756                 
# span 9 = 271.342130, 271.344228                 
# span 10 =    6.03690,    6.63719                
# span 11 =      0.597,     82.194                
# span 12 =     1.2263,     4.4924                
# span 13 =  22.533883,  34.855920                
# span 14 = 0.0000e+00, 0.0000e+00                
# interval = seconds: 0.0416667
# start_time = Sep 28 2023 08:12:40 [System UTC, first data scan.]
# bad_flag = -9.990e-29
*END*
[from data line 2892]
     56.183     8.3880    33.0363    25.6745 8.5470e-02      1.824    1482.44     30.768     2.9138 271.343524    6.63267     56.725     1.3178  34.747653  0.000e+00
     56.191     8.3882    33.0360    25.6742 8.5470e-02      1.824    1482.44     30.769     2.9138 271.343525    6.63265     56.733     1.3484  34.747592  0.000e+00
     56.230     8.3881    33.0361    25.6743 8.5470e-02      1.839    1482.44     30.768     2.9138 271.343525    6.63265     56.772     1.3178  34.747653  0.000e+00
     56.243     8.3882    33.0360    25.6742 8.5470e-02      1.875    1482.44     30.765     2.9135 271.343526    6.63265     56.785     1.3484  34.747592  0.000e+00
     56.264     8.3882    33.0361    25.6743 8.5470e-02      1.890    1482.44     30.761     2.9131 271.343526    6.63265     56.807     1.3178  34.747654  0.000e+00
     56.290     8.3882    33.0363    25.6744 8.5470e-02      1.890    1482.44     30.755     2.9125 271.343527    6.63264     56.833     1.3178  34.747838  0.000e+00
     56.314     8.3881    33.0360    25.6742 8.5470e-02      1.875    1482.44     30.747     2.9118 271.343527    6.63266     56.858     1.3178  34.747531  0.000e+00
     56.324     8.3880    33.0364    25.6745 8.5470e-02      1.875    1482.44     30.749     2.9120 271.343528    6.63267     56.867     1.2873  34.747777  0.000e+00
     56.374     8.3883    33.0359    25.6741 9.7680e-02      1.875    1482.44     30.749     2.9120 271.343528    6.63263     56.918     1.2873  34.747715  0.000e+00
     56.371     8.3881    33.0360    25.6742 8.5470e-02      1.861    1482.44     30.748     2.9118 271.343529    6.63266     56.915     1.2873  34.747593  0.000e+00
     56.410     8.3883    33.0361    25.6743 8.5470e-02      1.853    1482.44     30.745     2.9116 271.343529    6.63262     56.954     1.2873  34.747900  0.000e+00
     56.434     8.3880    33.0362    25.6744 8.5470e-02      1.883    1482.44     30.741     2.9113 271.343530    6.63267     56.979     1.2873  34.747654  0.000e+00
     56.456     8.3882    33.0360    25.6742 8.5470e-02      1.941    1482.44     30.736     2.9108 271.343530    6.63265     57.000     1.2873  34.747654  0.000e+00
     56.470     8.3881    33.0362    25.6744 8.5470e-02      2.007    1482.44     30.730     2.9102 271.343531    6.63265     57.015     1.3178  34.747838  0.000e+00
     56.504     8.3883    33.0357    25.6739 8.5470e-02      2.132    1482.44     30.722     2.9094 271.343531    6.63264     57.050     1.3178  34.747532  0.000e+00
     56.530     8.3880    33.0363    25.6744 8.5470e-02      2.176    1482.44     30.713     2.9086 271.343532    6.63267     57.076     1.3178  34.747777  0.000e+00
     56.555     8.3881    33.0360    25.6743 8.5470e-02      2.110    1482.44     30.703     2.9076 271.343532    6.63266     57.101     1.3178  34.747716  0.000e+00
     56.576     8.3880    33.0363    25.6745 8.5470e-02      2.007    1482.44     30.691     2.9065 271.343533    6.63267     57.122     1.3178  34.747839  0.000e+00
     56.604     8.3882    33.0358    25.6740 8.5470e-02      1.934    1482.44     30.689     2.9063 271.343533    6.63266     57.150     1.2873  34.747532  0.000e+00
     56.625     8.3880    33.0360    25.6742 8.5470e-02      1.890    1482.44     30.686     2.9060 271.343533    6.63268     57.171     1.3178  34.747532  0.000e+00
     56.651     8.3883    33.0361    25.6742 8.5470e-02      1.897    1482.45     30.671     2.9046 271.343534    6.63263     57.197     1.3178  34.747900  0.000e+00
     56.675     8.3882    33.0364    25.6745 8.5470e-02      1.919    1482.45     30.666     2.9041 271.343534    6.63263     57.222     1.3178  34.748146  0.000e+00
     56.696     8.3880    33.0364    25.6746 8.5470e-02      1.941    1482.45     30.660     2.9036 271.343535    6.63266     57.243     1.2873  34.748023  0.000e+00
     56.724     8.3880    33.0366    25.6747 8.5470e-02      1.927    1482.45     30.729     2.9101 271.343535    6.63266     57.271     1.2873  34.748146  0.000e+00
     56.745     8.3880    33.0364    25.6746 8.5470e-02      1.897    1482.45     30.656     2.9031 271.343536    6.63266     57.293     1.2873  34.748024  0.000e+00
     56.771     8.3882    33.0364    25.6745 8.5470e-02      1.875    1482.45     30.647     2.9023 271.343536    6.63264     57.319     1.2873  34.748147  0.000e+00
     56.795     8.3880    33.0364    25.6746 8.5470e-02      1.853    1482.45     30.713     2.9086 271.343537    6.63266     57.344     1.3178  34.748024  0.000e+00
     56.817     8.3881    33.0364    25.6746 8.5470e-02      1.832    1482.45     30.636     2.9013 271.343537    6.63264     57.365     1.2873  34.748208  0.000e+00
     56.844     8.3883    33.0358    25.6740 8.5470e-02      1.824    1482.45     30.711     2.9084 271.343538    6.63264     57.393     1.2873  34.747778  0.000e+00
     56.865     8.3878    33.0361    25.6744 8.5470e-02      1.853    1482.45     30.708     2.9081 271.343538    6.63270     57.414     1.2873  34.747656  0.000e+00
     56.893     8.3882    33.0360    25.6742 8.5470e-02      1.912    1482.45     30.628     2.9006 271.343539    6.63265     57.442     1.2873  34.747840  0.000e+00
     56.912     8.3881    33.0361    25.6743 8.5470e-02      1.897    1482.45     30.689     2.9063 271.343539    6.63265     57.462     1.2873  34.747963  0.000e+00
     56.940     8.3882    33.0363    25.6744 8.5470e-02      1.875    1482.45     30.683     2.9058 271.343540    6.63264     57.490     1.2873  34.748147  0.000e+00
     56.953     8.3883    33.0360    25.6742 8.5470e-02      1.875    1482.45     30.687     2.9061 271.343540    6.63263     57.503     1.2873  34.748024  0.000e+00
     56.973     8.3883    33.0359    25.6741 8.5470e-02      1.875    1482.45     30.690     2.9063 271.343541    6.63264     57.522     1.3178  34.747902  0.000e+00
     57.000     8.3882    33.0361    25.6743 8.5470e-02      1.927    1482.45     30.691     2.9065 271.343541    6.63265     57.550     1.3178  34.747963  0.000e+00
     57.008     8.3882    33.0360    25.6742 9.7680e-02      2.044    1482.45     30.692     2.9066 271.343542    6.63265     57.559     1.3178  34.747902  0.000e+00
     57.036     8.3882    33.0358    25.6740 9.7680e-02      2.073    1482.45     30.682     2.9056 271.343542    6.63266     57.586     1.2873  34.747718  0.000e+00
     57.057     8.3881    33.0362    25.6744 8.5470e-02      2.007    1482.45     30.680     2.9055 271.343543    6.63265     57.608     1.2873  34.748086  0.000e+00
     57.073     8.3883    33.0357    25.6740 8.5470e-02      1.927    1482.45     30.678     2.9053 271.343543    6.63264     57.624     1.2873  34.747840  0.000e+00
     57.106     8.3882    33.0359    25.6741 8.5470e-02      1.883    1482.45     30.675     2.9050 271.343544    6.63266     57.657     1.3178  34.747841  0.000e+00
     57.121     8.3883    33.0356    25.6739 8.5470e-02      1.868    1482.45     30.671     2.9046 271.343544    6.63265     57.672     1.3178  34.747718  0.000e+00
     57.145     8.3883    33.0360    25.6742 8.5470e-02      1.912    1482.45     30.667     2.9042 271.343545    6.63263     57.696     1.3178  34.748086  0.000e+00
     57.153     8.3882    33.0360    25.6742 8.5470e-02      1.934    1482.45     30.661     2.9037 271.343545    6.63265     57.705     1.2873  34.748025  0.000e+00
     57.181     8.3882    33.0359    25.6741 8.5470e-02      1.934    1482.45     30.666     2.9041 271.343546    6.63266     57.733     1.2873  34.747902  0.000e+00
     57.202     8.3881    33.0363    25.6744 8.5470e-02      1.927    1482.45     30.659     2.9034 271.343546    6.63265     57.754     1.3178  34.748209  0.000e+00
     57.218     8.3883    33.0361    25.6742 8.5470e-02      1.912    1482.45     30.651     2.9027 271.343546    6.63263     57.770     1.3178  34.748209  0.000e+00
     57.238     8.3884    33.0360    25.6742 8.5470e-02      1.905    1482.46     30.642     2.9019 271.343547    6.63261     57.790     1.3178  34.748271  0.000e+00
     57.265     8.3883    33.0358    25.6740 8.5470e-02      1.890    1482.46     30.644     2.9020 271.343547    6.63264     57.818     1.3178  34.747964  0.000e+00
     57.286     8.3883    33.0361    25.6743 8.5470e-02      1.868    1482.46     30.645     2.9021 271.343548    6.63263     57.839     1.3178  34.748210  0.000e+00
     57.314     8.3884    33.0359    25.6741 8.5470e-02      1.846    1482.46     30.645     2.9021 271.343548    6.63261     57.867     1.3178  34.748210  0.000e+00
     57.334     8.3882    33.0360    25.6742 8.5470e-02      1.853    1482.46     30.645     2.9022 271.343549    6.63265     57.887     1.2873  34.748026  0.000e+00
     57.350     8.3883    33.0360    25.6742 8.5470e-02      1.868    1482.46     30.645     2.9021 271.343549    6.63264     57.903     1.2873  34.748148  0.000e+00
     57.371     8.3883    33.0356    25.6739 8.5470e-02      1.853    1482.46     30.644     2.9021 271.343550    6.63265     57.925     1.3178  34.747841  0.000e+00
     57.399     8.3882    33.0357    25.6740 8.5470e-02      1.846    1482.46     30.643     2.9019 271.343550    6.63266     57.953     1.2873  34.747842  0.000e+00
     57.407     8.3883    33.0355    25.6738 8.5470e-02      1.839    1482.46     30.641     2.9018 271.343551    6.63265     57.961     1.2873  34.747719  0.000e+00
     57.434     8.3883    33.0356    25.6739 8.5470e-02      1.839    1482.46     30.639     2.9016 271.343551    6.63265     57.989     1.3178  34.747842  0.000e+00
     57.467     8.3882    33.0361    25.6743 8.5470e-02      1.846    1482.46     30.637     2.9013 271.343552    6.63265     58.022     1.3178  34.748210  0.000e+00
     57.470     8.3882    33.0361    25.6743 8.5470e-02      1.875    1482.46     30.634     2.9011 271.343552    6.63265     58.025     1.3178  34.748210  0.000e+00
     57.494     8.3884    33.0357    25.6739 8.5470e-02      1.927    1482.46     30.630     2.9007 271.343553    6.63263     58.049     1.2873  34.748026  0.000e+00
     57.527     8.3882    33.0360    25.6742 8.5470e-02      1.941    1482.46     30.627     2.9004 271.343553    6.63265     58.082     1.2873  34.748149  0.000e+00
     57.530     8.3884    33.0356    25.6738 8.5470e-02      1.934    1482.46     30.622     2.9000 271.343554    6.63262     58.086     1.2873  34.748026  0.000e+00
     57.563     8.3882    33.0357    25.6740 8.5470e-02      1.912    1482.46     30.618     2.8995 271.343554    6.63266     58.118     1.2873  34.747904  0.000e+00
     57.566     8.3883    33.0352    25.6736 8.5470e-02      1.897    1482.46     30.612     2.8990 271.343555    6.63267     58.122     1.2873  34.747535  0.000e+00
     57.599     8.3882    33.0358    25.6740 8.5470e-02      1.868    1482.46     30.607     2.8985 271.343555    6.63266     58.155     1.2873  34.747965  0.000e+00
     57.603     8.3882    33.0358    25.6741 8.5470e-02      1.846    1482.46     30.677     2.9051 271.343556    6.63266     58.159     1.2873  34.748027  0.000e+00
     57.634     8.3886    33.0355    25.6738 8.5470e-02      1.824    1482.46     30.604     2.8983 271.343556    6.63260     58.191     1.2873  34.748149  0.000e+00
     57.664     8.3883    33.0355    25.6738 1.0989e-01      1.817    1482.46     30.673     2.9048 271.343557    6.63265     58.220     1.2873  34.747842  0.000e+00
     57.672     8.3882    33.0356    25.6739 1.0989e-01      1.824    1482.46     30.599     2.8978 271.343557    6.63267     58.228     1.2873  34.747843  0.000e+00
     57.683     8.3883    33.0356    25.6739 9.7680e-02      1.824    1482.46     30.591     2.8970 271.343558    6.63265     58.240     1.3178  34.747965  0.000e+00
     57.724     8.3884    33.0357    25.6739 9.7680e-02      1.817    1482.46     30.582     2.8961 271.343558    6.63263     58.281     1.2873  34.748150  0.000e+00
     57.743     8.3883    33.0356    25.6739 8.5470e-02      1.817    1482.46     30.572     2.8952 271.343559    6.63264     58.301     1.2873  34.748027  0.000e+00
     57.748     8.3883    33.0358    25.6740 8.5470e-02      1.839    1482.46     30.573     2.8953 271.343559    6.63264     58.306     1.2873  34.748150  0.000e+00
     57.779     8.3884    33.0353    25.6736 8.5470e-02      1.868    1482.46     30.563     2.8944 271.343560    6.63264     58.337     1.3178  34.747843  0.000e+00
     57.784     8.3883    33.0357    25.6740 8.5470e-02      1.875    1482.46     30.553     2.8934 271.343560    6.63265     58.342     1.3178  34.748089  0.000e+00
     57.815     8.3882    33.0357    25.6740 8.5470e-02      1.853    1482.46     30.553     2.8934 271.343560    6.63266     58.373     1.3178  34.748027  0.000e+00
     57.844     8.3883    33.0358    25.6740 8.5470e-02      1.839    1482.46     30.618     2.8996 271.343561    6.63264     58.402     1.3178  34.748212  0.000e+00
     57.852     8.3881    33.0360    25.6742 8.5470e-02      1.817    1482.46     30.628     2.9005 271.343561    6.63266     58.411     1.3178  34.748212  0.000e+00
     57.880     8.3884    33.0354    25.6737 8.5470e-02      1.817    1482.47     30.561     2.8942 271.343562    6.63263     58.439     1.3178  34.748027  0.000e+00
     57.899     8.3880    33.0358    25.6741 8.5470e-02      1.824    1482.46     30.625     2.9002 271.343562    6.63269     58.458     1.3178  34.747905  0.000e+00
     57.929     8.3883    33.0357    25.6740 8.5470e-02      1.817    1482.47     30.557     2.8938 271.343563    6.63264     58.488     1.3484  34.748212  0.000e+00
     57.935     8.3883    33.0358    25.6740 8.5470e-02      1.810    1482.47     30.631     2.9008 271.343563    6.63265     58.494     1.3178  34.748212  0.000e+00
     57.964     8.3882    33.0359    25.6742 8.5470e-02      1.810    1482.47     30.639     2.9016 271.343564    6.63265     58.524     1.3178  34.748273  0.000e+00
     57.984     8.3882    33.0361    25.6743 8.5470e-02      1.824    1482.47     30.647     2.9023 271.343564    6.63265     58.544     1.3178  34.748458  0.000e+00
     58.000     8.3883    33.0357    25.6740 8.5470e-02      1.839    1482.47     30.654     2.9029 271.343565    6.63265     58.560     1.3178  34.748151  0.000e+00
     58.020     8.3883    33.0359    25.6741 8.5470e-02      1.993    1482.47     30.660     2.9036 271.343565    6.63263     58.580     1.2873  34.748396  0.000e+00
     58.013     8.3882    33.0362    25.6744 8.5470e-02      2.110    1482.47     30.666     2.9041 271.343566    6.63264     58.573     1.3178  34.748581  0.000e+00
     58.104     8.3883    33.0357    25.6740 8.5470e-02      2.051    1482.47     30.596     2.8975 271.343566    6.63264     58.665     1.2873  34.748274  0.000e+00
     58.080     8.3880    33.0361    25.6743 8.5470e-02      1.949    1482.47     30.667     2.9043 271.343567    6.63268     58.640     1.3178  34.748274  0.000e+00
     58.109     8.3882    33.0358    25.6741 8.5470e-02      1.890    1482.47     30.673     2.9048 271.343567    6.63266     58.670     1.3178  34.748212  0.000e+00
     58.129     8.3882    33.0356    25.6739 8.5470e-02      1.875    1482.47     30.678     2.9052 271.343568    6.63267     58.690     1.2873  34.748028  0.000e+00
     58.145     8.3883    33.0361    25.6743 8.5470e-02      1.853    1482.47     30.682     2.9056 271.343568    6.63263     58.706     1.3178  34.748581  0.000e+00
     58.164     8.3882    33.0360    25.6742 8.5470e-02      1.839    1482.47     30.686     2.9060 271.343569    6.63265     58.726     1.2873  34.748458  0.000e+00
     58.194     8.3882    33.0360    25.6742 8.5470e-02      1.839    1482.47     30.690     2.9064 271.343569    6.63265     58.755     1.2873  34.748458  0.000e+00
     58.213     8.3882    33.0357    25.6740 8.5470e-02      1.846    1482.47     30.693     2.9067 271.343570    6.63266     58.775     1.2873  34.748151  0.000e+00
