Cruise data/ship_ctd/CP1_Oksvallflua_280923_2.cnv
* Sea-Bird SBE 9 Data File:
* FileName = C:\CTD Brukere\UiO Kurs\Geo2320 2023\CP1_Oksvallflua_280923_2.hex
* Software Version Seasave V 7.26.7.121
* Temperature SN = 5352
* Conductivity SN = 3840
* Number of Bytes Per Scan = 31
* Number of Voltage Words = 5
* Number of Scans Averaged by the Deck Unit = 1
* NMEA baud rate = 4800
** Ship: R/V Trygve Braarud
** Cruise:
** Station:
** Operator:
# nquan = 15
# nvalues = 4353                                  
# units = specified
# name 0 = depSM: Depth [salt water, m], lat = 59.90
# name 1 = t090C: Temperature [ITS-90, deg C]
# name 2 = sal00: Salinity, Practical [PSU]
# name 3 = sigma-t00: Density [sigma-t, kg/m^3 ]
# name 4 = flSP: Fluorescence, Seapoint
# name 5 = seaTurbMtr: Turbidity, Seapoint [FTU]
# name 6 = svCM: Sound Velocity [Chen-Millero, m/s]
# name 7 = sbeox0PS: Oxygen, SBE 43 [% saturation]
# name 8 = sbeox0Mg/L: Oxygen, SBE 43 [mg/l]
# name 9 = timeJ: Julian Days
# name 10 = oxsatML/L: Oxygen Saturation, Weiss [ml/l]
# name 11 = prDM: Pressure, Digiquartz [db]
# name 12 = wetStar: Fluorescence, WET Labs WETstar [mg/m^3]
# name 13 = c0mS/cm: Conductivity [mS/cm]
# name 14 = flag:  0.000e+00
# span 0 =      0.591,     81.403                 
# span 1 =     8.3362,    15.8761                 
# span 2 =    16.9865,    33.1136                 
# span 3 =    12.0492,    25.7428                 
# span 4 = 7.3260e-02, 1.2308e+01                 
# span 5 =      1.663,     13.187                 
# span 6 =    1482.38,    1495.77                 
# span 7 =     23.845,     85.270                 
# span 8 =     2.2251,     7.6756                 
# span 9 = 271.342130, 271.344228                 
# span 10 =    6.03690,    6.63719                
# span 11 =      0.597,     82.194                
# span 12 =     1.2263,     4.4924                
# span 13 =  22.533883,  34.855920                
# span 14 = 0.0000e+00, 0.0000e+00                
# interval = seconds: 0.0416667
# start_time = Sep 28 2023 08:12:40 [System UTC, first data scan.]
# bad_flag = -9.990e-29
*END*
[from data line 1061]
     15.869    13.5635    28.1568    20.9910 5.6166e-01      1.971    1494.26     43.251     3.7792 271.342641    6.10994     16.020     2.0504  34.145083  0.000e+00
     15.893    13.5465    28.1761    21.0092 8.3028e-01      1.956    1494.23     43.187     3.7745 271.342642    6.11139     16.045     2.0504  34.152526  0.000e+00
     15.919    13.5313    28.1939    21.0259 9.6459e-01      1.919    1494.20     43.197     3.7761 271.342642    6.11266     16.071     2.0504  34.159787  0.000e+00
     15.940    13.5193    28.2101    21.0407 8.6691e-01      1.897    1494.18     43.135     3.7712 271.342643    6.11360     16.092     2.0199  34.167719  0.000e+00
     15.951    13.5080    28.2259    21.0551 7.2039e-01      1.883    1494.16     43.072     3.7663 271.342643    6.11443     16.104     2.0504  34.176019  0.000e+00
     15.951    13.4983    28.2405    21.0682 6.8376e-01      1.875    1494.14     43.074     3.7669 271.342644    6.11513     16.104     2.0504  34.184135  0.000e+00
     15.990    13.4910    28.2550    21.0808 6.5934e-01      1.875    1494.14     43.084     3.7680 271.342644    6.11551     16.143     2.0504  34.194083  0.000e+00
     16.000    13.4821    28.2719    21.0955 5.9829e-01      1.875    1494.13     43.092     3.7690 271.342645    6.11602     16.153     2.0810  34.205314  0.000e+00
     16.024    13.4741    28.2849    21.1071 5.3724e-01      1.883    1494.12     43.034     3.7642 271.342645    6.11655     16.177     2.1420  34.213067  0.000e+00
     16.050    13.4666    28.2961    21.1172 4.8840e-01      1.890    1494.10     43.046     3.7656 271.342646    6.11708     16.203     2.1420  34.219233  0.000e+00
     16.084    13.4602    28.3049    21.1252 4.8840e-01      1.905    1494.09     42.983     3.7604 271.342646    6.11758     16.238     2.1420  34.223629  0.000e+00
     16.084    13.4590    28.3042    21.1249 5.3724e-01      1.912    1494.09     42.992     3.7612 271.342647    6.11775     16.238     2.1420  34.221981  0.000e+00
     16.110    13.4628    28.2994    21.1204 6.1050e-01      1.934    1494.10     42.998     3.7616 271.342647    6.11745     16.264     2.1420  34.219783  0.000e+00
     16.120    13.4669    28.2952    21.1165 6.1050e-01      1.956    1494.11     42.937     3.7560 271.342648    6.11707     16.274     2.1420  34.218623  0.000e+00
     16.146    13.4736    28.2896    21.1108 5.0061e-01      1.978    1494.12     42.944     3.7563 271.342648    6.11643     16.300     2.1420  34.217890  0.000e+00
     16.155    13.4723    28.2946    21.1149 4.0293e-01      1.993    1494.12     42.954     3.7571 271.342649    6.11641     16.310     2.1115  34.222224  0.000e+00
     16.191    13.4618    28.3072    21.1267 3.4188e-01      1.971    1494.10     42.958     3.7579 271.342649    6.11727     16.346     2.1115  34.227598  0.000e+00
     16.206    13.4529    28.3172    21.1361 3.0525e-01      1.934    1494.09     42.891     3.7526 271.342649    6.11805     16.360     2.0810  34.231262  0.000e+00
     16.227    13.4446    28.3261    21.1446 3.1746e-01      1.912    1494.07     42.885     3.7525 271.342650    6.11877     16.382     2.0810  34.234254  0.000e+00
     16.251    13.4386    28.3326    21.1507 3.0525e-01      1.919    1494.06     42.889     3.7532 271.342650    6.11929     16.406     2.0504  34.236514  0.000e+00
     16.266    13.4330    28.3379    21.1559 2.8083e-01      2.000    1494.04     42.888     3.7534 271.342651    6.11981     16.421     2.0199  34.237736  0.000e+00
     16.287    13.4275    28.3428    21.1607 3.1746e-01      2.300    1494.03     42.889     3.7537 271.342651    6.12033     16.442     1.9894  34.238653  0.000e+00
     16.311    13.4241    28.3459    21.1638 3.4188e-01      2.344    1494.03     42.818     3.7478 271.342652    6.12065     16.467     1.9894  34.239325  0.000e+00
     16.324    13.4209    28.3486    21.1665 3.1746e-01      2.212    1494.02     42.814     3.7476 271.342652    6.12096     16.480     1.9589  34.239692  0.000e+00
     16.347    13.4191    28.3501    21.1680 2.9304e-01      2.088    1494.01     42.811     3.7474 271.342653    6.12114     16.503     1.9589  34.239875  0.000e+00
     16.371    13.4179    28.3518    21.1696 2.9304e-01      2.029    1494.01     42.800     3.7465 271.342653    6.12122     16.527     1.9589  34.240791  0.000e+00
     16.397    13.4156    28.3581    21.1748 2.8083e-01      1.993    1494.01     42.797     3.7463 271.342654    6.12128     16.553     1.9589  34.245738  0.000e+00
     16.418    13.4129    28.3659    21.1814 3.0525e-01      1.963    1494.01     42.795     3.7461 271.342654    6.12132     16.575     1.9589  34.252150  0.000e+00
     16.433    13.4115    28.3707    21.1853 3.6630e-01      1.934    1494.01     42.792     3.7459 271.342655    6.12133     16.589     1.9589  34.256120  0.000e+00
     16.455    13.4099    28.3746    21.1887 3.9072e-01      1.927    1494.01     42.716     3.7393 271.342655    6.12138     16.612     1.9283  34.259234  0.000e+00
     16.478    13.4093    28.3765    21.1902 3.2967e-01      1.934    1494.01     42.777     3.7446 271.342656    6.12139     16.635     1.9283  34.260700  0.000e+00
     16.492    13.4083    28.3785    21.1920 2.8083e-01      1.956    1494.01     42.772     3.7442 271.342656    6.12144     16.650     1.8978  34.262105  0.000e+00
     16.515    13.4060    28.3812    21.1945 2.4420e-01      1.963    1494.01     42.765     3.7437 271.342657    6.12164     16.673     1.8978  34.263205  0.000e+00
     16.551    13.4022    28.3846    21.1979 2.3199e-01      1.956    1494.00     42.683     3.7367 271.342657    6.12200     16.709     1.8978  34.263877  0.000e+00
     16.552    13.3950    28.3897    21.2032 2.1978e-01      1.949    1493.98     42.671     3.7361 271.342658    6.12273     16.710     1.8978  34.263573  0.000e+00
     16.586    13.3869    28.3938    21.2079 2.4420e-01      1.963    1493.96     42.657     3.7354 271.342658    6.12361     16.745     1.8978  34.261558  0.000e+00
     16.599    13.3784    28.3964    21.2115 2.6862e-01      2.000    1493.94     42.641     3.7346 271.342659    6.12461     16.758     1.8978  34.257406  0.000e+00
     16.633    13.3758    28.3951    21.2110 2.8083e-01      2.059    1493.93     42.623     3.7333 271.342659    6.12499     16.792     1.8978  34.253926  0.000e+00
     16.646    13.3825    28.3901    21.2059 3.0525e-01      2.088    1493.94     42.677     3.7376 271.342660    6.12432     16.805     1.8673  34.253864  0.000e+00
     16.659    13.3618    28.4104    21.2255 2.9304e-01      2.088    1493.90     42.665     3.7377 271.342660    6.12621     16.818     1.8673  34.259240  0.000e+00
     16.682    13.3253    28.4432    21.2579 2.8083e-01      2.081    1493.81     42.648     3.7383 271.342661    6.12966     16.841     1.8368  34.265413  0.000e+00
     16.708    13.2885    28.4766    21.2907 2.9304e-01      2.081    1493.73     42.554     3.7321 271.342661    6.13314     16.868     1.8368  34.271770  0.000e+00
     16.729    13.2585    28.5047    21.3181 2.6862e-01      2.110    1493.66     42.603     3.7381 271.342662    6.13592     16.889     1.8368  34.278065  0.000e+00
     16.753    13.2386    28.5248    21.3374 2.3199e-01      2.110    1493.62     42.585     3.7376 271.342662    6.13773     16.913     1.8368  34.283687  0.000e+00
     16.755    13.2265    28.5391    21.3508 2.1978e-01      2.095    1493.60     42.571     3.7370 271.342663    6.13875     16.915     1.8673  34.289370  0.000e+00
     16.802    13.2152    28.5571    21.3668 2.1978e-01      2.073    1493.58     42.554     3.7359 271.342663    6.13952     16.962     1.8673  34.299697  0.000e+00
     16.804    13.2000    28.5811    21.3883 2.1978e-01      2.081    1493.56     42.530     3.7345 271.342663    6.14057     16.964     1.8673  34.313386  0.000e+00
     16.838    13.1912    28.5973    21.4024 2.4420e-01      2.066    1493.55     42.511     3.7331 271.342664    6.14109     16.998     1.8673  34.323715  0.000e+00
     16.849    13.1884    28.6068    21.4103 2.4420e-01      2.059    1493.55     42.487     3.7310 271.342664    6.14109     17.010     1.8673  34.331784  0.000e+00
     16.875    13.1841    28.6190    21.4205 2.4420e-01      2.066    1493.55     42.539     3.7356 271.342665    6.14118     17.036     1.8368  34.341442  0.000e+00
     16.898    13.1737    28.6387    21.4378 2.1978e-01      2.066    1493.54     42.445     3.7277 271.342665    6.14178     17.059     1.8368  34.354343  0.000e+00
     16.922    13.1583    28.6607    21.4577 2.1978e-01      2.051    1493.51     42.492     3.7325 271.342666    6.14293     17.083     1.8368  34.365595  0.000e+00
     16.933    13.1401    28.6797    21.4758 2.4420e-01      2.051    1493.47     42.466     3.7312 271.342666    6.14456     17.095     1.8368  34.371345  0.000e+00
     16.959    13.1225    28.6928    21.4892 2.9304e-01      2.066    1493.43     42.435     3.7295 271.342667    6.14634     17.121     1.8368  34.371102  0.000e+00
     16.982    13.1057    28.7023    21.4998 3.4188e-01      2.059    1493.38     42.404     3.7279 271.342667    6.14815     17.144     1.8368  34.367741  0.000e+00
     17.004    13.0910    28.7070    21.5062 3.4188e-01      2.051    1493.34     42.375     3.7264 271.342668    6.14988     17.167     1.8368  34.360833  0.000e+00
     17.030    13.0768    28.7077    21.5094 3.1746e-01      2.029    1493.29     42.348     3.7251 271.342668    6.15169     17.193     1.8368  34.350013  0.000e+00
     17.040    13.0558    28.7126    21.5172 2.9304e-01      2.022    1493.23     42.386     3.7299 271.342669    6.15422     17.203     1.8062  34.338217  0.000e+00
     17.055    13.0302    28.7285    21.5343 2.8083e-01      2.022    1493.16     42.359     3.7292 271.342669    6.15695     17.218     1.8062  34.334369  0.000e+00
     17.077    13.0057    28.7536    21.5584 2.8083e-01      2.015    1493.11     42.324     3.7275 271.342670    6.15917     17.240     1.8368  34.341524  0.000e+00
     17.115    12.9849    28.7845    21.5862 2.8083e-01      2.029    1493.07     42.291     3.7254 271.342670    6.16069     17.278     1.8368  34.357849  0.000e+00
     17.124    12.9697    28.8105    21.6091 2.6862e-01      2.029    1493.05     42.258     3.7231 271.342671    6.16167     17.288     1.8368  34.373321  0.000e+00
     17.149    12.9606    28.8243    21.6215 2.6862e-01      2.015    1493.04     42.218     3.7200 271.342671    6.16233     17.312     1.8368  34.380783  0.000e+00
     17.162    12.9571    28.8345    21.6300 2.9304e-01      2.000    1493.04     42.179     3.7165 271.342672    6.16239     17.326     1.8368  34.388918  0.000e+00
     17.197    12.9513    28.8486    21.6420 3.0525e-01      2.015    1493.04     42.139     3.7132 271.342672    6.16261     17.362     1.8368  34.399378  0.000e+00
     17.197    12.9442    28.8629    21.6544 2.8083e-01      2.029    1493.03     42.173     3.7163 271.342673    6.16299     17.362     1.8062  34.408860  0.000e+00
     17.233    12.9348    28.8782    21.6680 2.4420e-01      2.037    1493.02     42.132     3.7131 271.342673    6.16363     17.398     1.8062  34.417610  0.000e+00
     17.246    12.9238    28.8917    21.6805 2.3199e-01      2.022    1492.99     42.090     3.7100 271.342674    6.16454     17.411     1.8368  34.423118  0.000e+00
     17.280    12.9199    28.8954    21.6841 2.8083e-01      2.029    1492.99     42.049     3.7066 271.342674    6.16491     17.445     1.8368  34.423914  0.000e+00
     17.282    12.9143    28.8983    21.6874 2.6862e-01      2.044    1492.97     42.007     3.7032 271.342675    6.16553     17.447     1.8368  34.422446  0.000e+00
     17.304    12.9062    28.9019    21.6917 2.4420e-01      2.029    1492.95     42.037     3.7064 271.342675    6.16645     17.470     1.8673  34.419694  0.000e+00
     17.341    12.8961    28.9044    21.6956 2.4420e-01      2.000    1492.92     41.992     3.7032 271.342676    6.16766     17.507     1.8673  34.414189  0.000e+00
     17.353    12.8776    28.9147    21.7070 2.4420e-01      1.971    1492.87     41.945     3.7002 271.342676    6.16968     17.519     1.8368  34.410031  0.000e+00
     17.329    12.8576    28.9314    21.7236 2.5641e-01      1.956    1492.82     41.969     3.7035 271.342677    6.17165     17.494     1.8368  34.411562  0.000e+00
     17.424    12.8415    28.9469    21.7387 2.5641e-01      1.956    1492.78     41.855     3.6943 271.342677    6.17315     17.591     1.8673  34.415113  0.000e+00
     17.411    12.8204    28.9660    21.7573 2.6862e-01      1.956    1492.73     41.876     3.6974 271.342677    6.17517     17.577     1.8673  34.418235  0.000e+00
     17.424    12.8005    28.9830    21.7742 3.0525e-01      1.956    1492.69     41.831     3.6945 271.342678    6.17713     17.591     1.8673  34.420073  0.000e+00
     17.448    12.7872    28.9946    21.7857 2.9304e-01      1.949    1492.66     41.785     3.6912 271.342678    6.17842     17.615     1.8368  34.421604  0.000e+00
     17.461    12.7771    29.0098    21.7993 2.8083e-01      1.941    1492.64     41.802     3.6932 271.342679    6.17916     17.628     1.8368  34.429560  0.000e+00
     17.495    12.7657    29.0281    21.8156 3.1746e-01      1.934    1492.62     41.760     3.6900 271.342679    6.17994     17.663     1.8368  34.439903  0.000e+00
     17.508    12.7543    29.0446    21.8305 3.4188e-01      1.919    1492.60     41.717     3.6866 271.342680    6.18081     17.676     1.8368  34.448105  0.000e+00
     17.531    12.7409    29.0599    21.8448 3.2967e-01      1.912    1492.58     41.671     3.6832 271.342680    6.18197     17.699     1.8368  34.453431  0.000e+00
     17.544    12.7291    29.0715    21.8560 3.1746e-01      1.919    1492.55     41.687     3.6853 271.342681    6.18307     17.712     1.8368  34.456248  0.000e+00
     17.567    12.7213    29.0790    21.8632 3.0525e-01      1.927    1492.53     41.637     3.6813 271.342681    6.18380     17.735     1.8062  34.457780  0.000e+00
     17.593    12.7160    29.0834    21.8677 2.6862e-01      1.919    1492.52     41.584     3.6769 271.342682    6.18433     17.761     1.8062  34.458147  0.000e+00
     17.615    12.7132    29.0852    21.8696 2.4420e-01      1.919    1492.51     41.528     3.6722 271.342682    6.18462     17.784     1.8062  34.457781  0.000e+00
     17.628    12.7100    29.0879    21.8723 2.1978e-01      1.963    1492.51     41.543     3.6737 271.342683    6.18495     17.797     1.7757  34.458026  0.000e+00
     17.651    12.7053    29.0920    21.8763 1.9536e-01      2.029    1492.49     41.498     3.6700 271.342683    6.18540     17.820     1.8062  34.458577  0.000e+00
     17.664    12.7010    29.0970    21.8810 1.8315e-01      2.022    1492.49     41.524     3.6725 271.342684    6.18577     17.833     1.8062  34.460353  0.000e+00
     17.675    12.7008    29.0996    21.8830 1.7094e-01      1.993    1492.49     41.482     3.6687 271.342684    6.18571     17.844     1.8368  34.462924  0.000e+00
     17.700    12.7018    29.1010    21.8839 1.9536e-01      1.971    1492.49     41.429     3.6639 271.342685    6.18551     17.869     1.8368  34.465311  0.000e+00
     17.711    12.6995    29.1053    21.8877 2.1978e-01      1.949    1492.49     41.380     3.6597 271.342685    6.18565     17.880     1.8368  34.468005  0.000e+00
     17.735    12.6970    29.1109    21.8925 2.3199e-01      1.934    1492.49     41.402     3.6616 271.342686    6.18576     17.905     1.8368  34.471985  0.000e+00
     17.760    12.6930    29.1171    21.8980 2.1978e-01      1.934    1492.48     41.355     3.6577 271.342686    6.18604     17.929     1.8062  34.475352  0.000e+00
     17.795    12.6853    29.1259    21.9062 2.0757e-01      1.934    1492.47     41.304     3.6536 271.342687    6.18673     17.965     1.8062  34.478292  0.000e+00
