Cruise data/ship_ctd/CP1_Oksvallflua_280923_2.cnv
* Sea-Bird SBE 9 Data File:
* FileName = C:\CTD Brukere\UiO Kurs\Geo2320 2023\CP1_Oksvallflua_280923_2.hex
* Software Version Seasave V 7.26.7.121
* Temperature SN = 5352
* Conductivity SN = 3840
* Number of Bytes Per Scan = 31
* Number of Voltage Words = 5
* Number of Scans Averaged by the Deck Unit = 1
* NMEA baud rate = 4800
** Ship: R/V Trygve Braarud
** Cruise:
** Station:
** Operator:
# nquan = 15
# nvalues = 4353                                  
# units = specified
# name 0 = depSM: Depth [salt water, m], lat = 59.90
# name 1 = t090C: Temperature [ITS-90, deg C]
# name 2 = sal00: Salinity, Practical [PSU]
# name 3 = sigma-t00: Density [sigma-t, kg/m^3 ]
# name 4 = flSP: Fluorescence, Seapoint
# name 5 = seaTurbMtr: Turbidity, Seapoint [FTU]
# name 6 = svCM: Sound Velocity [Chen-Millero, m/s]
# name 7 = sbeox0PS: Oxygen, SBE 43 [% saturation]
# name 8 = sbeox0Mg/L: Oxygen, SBE 43 [mg/l]
# name 9 = timeJ: Julian Days
# name 10 = oxsatML/L: Oxygen Saturation, Weiss [ml/l]
# name 11 = prDM: Pressure, Digiquartz [db]
# name 12 = wetStar: Fluorescence, WET Labs WETstar [mg/m^3]
# name 13 = c0mS/cm: Conductivity [mS/cm]
# name 14 = flag:  0.000e+00
# span 0 =      0.591,     81.403                 
# span 1 =     8.3362,    15.8761                 
# span 2 =    16.9865,    33.1136                 
# span 3 =    12.0492,    25.7428                 
# span 4 = 7.3260e-02, 1.2308e+01                 
# span 5 =      1.663,     13.187                 
# span 6 =    1482.38,    1495.77                 
# span 7 =     23.845,     85.270                 
# span 8 =     2.2251,     7.6756                 
# span 9 = 271.342130, 271.344228                 
# span 10 =    6.03690,    6.63719                
# span 11 =      0.597,     82.194                
# span 12 =     1.2263,     4.4924                
# span 13 =  22.533883,  34.855920                
# span 14 = 0.0000e+00, 0.0000e+00                
# interval = seconds: 0.0416667
# start_time = Sep 28 2023 08:12:40 [System UTC, first data scan.]
# bad_flag = -9.990e-29
*END*
[from data line 3085]
     60.392     8.3841    33.0410    25.6787 9.7680e-02      1.875    1482.50     30.596     2.8977 271.343617    6.63305     60.975     1.3178  34.750554  0.000e+00
     60.421     8.3842    33.0410    25.6787 9.7680e-02      1.883    1482.50     30.596     2.8977 271.343618    6.63303     61.005     1.3178  34.750677  0.000e+00
     60.428     8.3840    33.0414    25.6790 8.5470e-02      1.883    1482.50     30.597     2.8977 271.343618    6.63305     61.012     1.2873  34.750800  0.000e+00
     60.452     8.3840    33.0413    25.6790 8.5470e-02      1.875    1482.50     30.597     2.8977 271.343619    6.63305     61.036     1.2873  34.750739  0.000e+00
     60.477     8.3841    33.0415    25.6791 8.5470e-02      1.875    1482.50     30.597     2.8977 271.343619    6.63303     61.061     1.2873  34.751046  0.000e+00
     60.495     8.3840    33.0416    25.6792 8.5470e-02      1.868    1482.50     30.597     2.8977 271.343620    6.63304     61.079     1.3178  34.751046  0.000e+00
     60.524     8.3841    33.0415    25.6791 8.5470e-02      1.853    1482.50     30.597     2.8977 271.343620    6.63302     61.108     1.3178  34.751107  0.000e+00
     60.524     8.3839    33.0414    25.6791 8.5470e-02      1.832    1482.50     30.597     2.8978 271.343621    6.63306     61.108     1.3178  34.750800  0.000e+00
     60.548     8.3835    33.0423    25.6799 8.5470e-02      1.890    1482.50     30.673     2.9050 271.343621    6.63309     61.133     1.3178  34.751292  0.000e+00
     60.573     8.3835    33.0421    25.6797 7.3260e-02      1.927    1482.50     30.607     2.8987 271.343622    6.63310     61.158     1.3178  34.751108  0.000e+00
     60.590     8.3833    33.0422    25.6798 8.5470e-02      1.919    1482.50     30.607     2.8987 271.343622    6.63311     61.176     1.2873  34.751108  0.000e+00
     60.621     8.3834    33.0418    25.6795 8.5470e-02      1.875    1482.50     30.606     2.8987 271.343623    6.63312     61.207     1.3178  34.750801  0.000e+00
     60.633     8.3831    33.0423    25.6799 8.5470e-02      1.839    1482.50     30.606     2.8987 271.343623    6.63314     61.218     1.3178  34.751046  0.000e+00
     60.644     8.3833    33.0419    25.6795 8.5470e-02      1.824    1482.50     30.606     2.8986 271.343624    6.63313     61.230     1.2873  34.750801  0.000e+00
     60.682     8.3834    33.0420    25.6796 8.5470e-02      1.817    1482.50     30.605     2.8986 271.343624    6.63311     61.268     1.2873  34.751046  0.000e+00
     60.693     8.3833    33.0424    25.6799 8.5470e-02      1.810    1482.50     30.681     2.9057 271.343625    6.63311     61.279     1.2873  34.751292  0.000e+00
     60.711     8.3831    33.0422    25.6798 8.5470e-02      1.810    1482.50     30.615     2.8995 271.343625    6.63314     61.297     1.2873  34.750985  0.000e+00
     60.729     8.3832    33.0421    25.6798 8.5470e-02      1.802    1482.50     30.614     2.8994 271.343626    6.63313     61.315     1.3178  34.750985  0.000e+00
     60.766     8.3831    33.0419    25.6796 8.5470e-02      1.817    1482.50     30.613     2.8993 271.343626    6.63316     61.353     1.2873  34.750678  0.000e+00
     60.777     8.3830    33.0425    25.6801 8.5470e-02      1.824    1482.50     30.612     2.8993 271.343627    6.63315     61.365     1.2873  34.751108  0.000e+00
     60.789     8.3831    33.0426    25.6802 8.5470e-02      1.839    1482.50     30.688     2.9064 271.343627    6.63312     61.376     1.2873  34.751415  0.000e+00
     60.820     8.3832    33.0422    25.6798 8.5470e-02      1.846    1482.50     30.621     2.9000 271.343628    6.63313     61.407     1.2873  34.751108  0.000e+00
     60.838     8.3828    33.0426    25.6802 8.5470e-02      1.853    1482.50     30.696     2.9071 271.343628    6.63317     61.425     1.3178  34.751108  0.000e+00
     60.862     8.3830    33.0424    25.6800 8.5470e-02      1.846    1482.50     30.704     2.9080 271.343628    6.63316     61.450     1.3178  34.751047  0.000e+00
     60.886     8.3831    33.0421    25.6797 8.5470e-02      1.824    1482.50     30.637     2.9016 271.343629    6.63316     61.475     1.3178  34.750863  0.000e+00
     60.886     8.3831    33.0424    25.6800 8.5470e-02      1.824    1482.50     30.711     2.9086 271.343629    6.63313     61.475     1.3178  34.751231  0.000e+00
     60.922     8.3828    33.0429    25.6804 8.5470e-02      1.832    1482.50     30.719     2.9093 271.343630    6.63316     61.511     1.2873  34.751416  0.000e+00
     60.940     8.3827    33.0431    25.6806 8.5470e-02      1.832    1482.50     30.650     2.9028 271.343630    6.63317     61.529     1.2873  34.751477  0.000e+00
     60.958     8.3828    33.0424    25.6800 8.5470e-02      1.824    1482.50     30.723     2.9098 271.343631    6.63319     61.547     1.2873  34.750925  0.000e+00
     60.994     8.3828    33.0427    25.6803 8.5470e-02      1.817    1482.50     30.654     2.9032 271.343631    6.63317     61.583     1.2873  34.751293  0.000e+00
     60.994     8.3828    33.0428    25.6803 8.5470e-02      1.802    1482.50     30.651     2.9029 271.343632    6.63316     61.583     1.2873  34.751355  0.000e+00
     61.030     8.3826    33.0430    25.6806 8.5470e-02      1.788    1482.50     30.647     2.9026 271.343632    6.63319     61.619     1.2873  34.751416  0.000e+00
     61.054     8.3825    33.0430    25.6806 8.5470e-02      1.780    1482.51     30.644     2.9023 271.343633    6.63320     61.644     1.2873  34.751355  0.000e+00
     61.073     8.3827    33.0429    25.6805 8.5470e-02      1.795    1482.51     30.641     2.9019 271.343633    6.63318     61.664     1.3178  34.751416  0.000e+00
     61.091     8.3823    33.0432    25.6808 8.5470e-02      1.817    1482.51     30.637     2.9016 271.343634    6.63323     61.682     1.3178  34.751355  0.000e+00
     61.114     8.3823    33.0435    25.6810 8.5470e-02      1.817    1482.51     30.634     2.9013 271.343634    6.63321     61.705     1.2873  34.751662  0.000e+00
     61.139     8.3822    33.0436    25.6811 8.5470e-02      1.802    1482.51     30.706     2.9082 271.343635    6.63322     61.729     1.2873  34.751662  0.000e+00
     61.152     8.3822    33.0434    25.6809 8.5470e-02      1.795    1482.51     30.637     2.9016 271.343635    6.63323     61.742     1.3178  34.751478  0.000e+00
     61.187     8.3821    33.0436    25.6811 8.5470e-02      1.802    1482.51     30.709     2.9085 271.343636    6.63323     61.778     1.2873  34.751601  0.000e+00
     61.199     8.3822    33.0434    25.6809 8.5470e-02      1.817    1482.51     30.715     2.9090 271.343636    6.63323     61.790     1.2873  34.751478  0.000e+00
     61.230     8.3823    33.0431    25.6807 8.5470e-02      1.846    1482.51     30.645     2.9024 271.343637    6.63322     61.821     1.2873  34.751356  0.000e+00
     61.247     8.3821    33.0434    25.6809 8.5470e-02      1.875    1482.51     30.716     2.9092 271.343637    6.63324     61.839     1.2873  34.751417  0.000e+00
     61.272     8.3820    33.0436    25.6811 8.5470e-02      1.905    1482.51     30.722     2.9097 271.343638    6.63325     61.864     1.2873  34.751601  0.000e+00
     61.295     8.3822    33.0434    25.6809 8.5470e-02      1.905    1482.51     30.727     2.9101 271.343638    6.63324     61.887     1.2873  34.751479  0.000e+00
     61.319     8.3821    33.0435    25.6810 8.5470e-02      1.912    1482.51     30.655     2.9033 271.343639    6.63324     61.911     1.2873  34.751601  0.000e+00
     61.332     8.3820    33.0437    25.6812 8.5470e-02      1.897    1482.51     30.649     2.9028 271.343639    6.63324     61.925     1.2873  34.751724  0.000e+00
     61.368     8.3817    33.0440    25.6814 8.5470e-02      1.875    1482.51     30.719     2.9094 271.343640    6.63328     61.961     1.2873  34.751663  0.000e+00
     61.379     8.3820    33.0435    25.6810 8.5470e-02      1.861    1482.51     30.723     2.9098 271.343640    6.63325     61.972     1.2873  34.751479  0.000e+00
     61.410     8.3818    33.0435    25.6811 8.5470e-02      1.861    1482.51     30.651     2.9029 271.343641    6.63329     62.003     1.2873  34.751356  0.000e+00
     61.428     8.3820    33.0434    25.6809 8.5470e-02      1.839    1482.51     30.720     2.9095 271.343641    6.63326     62.022     1.2873  34.751418  0.000e+00
     61.439     8.3819    33.0437    25.6812 8.5470e-02      1.817    1482.51     30.723     2.9098 271.343641    6.63327     62.033     1.2873  34.751602  0.000e+00
     61.477     8.3818    33.0436    25.6812 8.5470e-02      1.802    1482.51     30.726     2.9100 271.343642    6.63328     62.071     1.2873  34.751479  0.000e+00
     61.488     8.3815    33.0440    25.6815 8.5470e-02      1.795    1482.51     30.728     2.9103 271.343642    6.63331     62.082     1.2873  34.751602  0.000e+00
     61.513     8.3817    33.0440    25.6814 8.5470e-02      1.802    1482.51     30.730     2.9104 271.343643    6.63328     62.107     1.2873  34.751725  0.000e+00
     61.548     8.3813    33.0444    25.6818 8.5470e-02      1.824    1482.51     30.731     2.9106 271.343643    6.63333     62.143     1.2873  34.751787  0.000e+00
     61.573     8.3814    33.0442    25.6816 8.5470e-02      1.832    1482.51     30.656     2.9035 271.343644    6.63332     62.168     1.3178  34.751664  0.000e+00
     61.584     8.3809    33.0447    25.6821 8.5470e-02      1.824    1482.51     30.647     2.9026 271.343644    6.63337     62.179     1.2873  34.751725  0.000e+00
     61.604     8.3807    33.0453    25.6826 8.5470e-02      1.839    1482.51     30.724     2.9099 271.343645    6.63337     62.199     1.2873  34.752155  0.000e+00
     61.633     8.3806    33.0448    25.6823 8.5470e-02      1.846    1482.51     30.725     2.9100 271.343645    6.63341     62.228     1.2873  34.751664  0.000e+00
     61.644     8.3806    33.0453    25.6826 8.5470e-02      1.846    1482.51     30.726     2.9101 271.343646    6.63339     62.240     1.2873  34.752033  0.000e+00
     61.669     8.3804    33.0453    25.6826 8.5470e-02      1.861    1482.51     30.726     2.9101 271.343646    6.63342     62.265     1.2873  34.751910  0.000e+00
     61.693     8.3805    33.0450    25.6824 8.5470e-02      1.868    1482.51     30.725     2.9101 271.343647    6.63342     62.289     1.2873  34.751664  0.000e+00
     61.729     8.3806    33.0449    25.6823 8.5470e-02      1.875    1482.51     30.725     2.9100 271.343647    6.63341     62.325     1.3178  34.751726  0.000e+00
     61.740     8.3803    33.0457    25.6830 8.5470e-02      1.853    1482.51     30.723     2.9099 271.343648    6.63343     62.337     1.3178  34.752156  0.000e+00
     61.765     8.3804    33.0453    25.6827 8.5470e-02      1.861    1482.51     30.733     2.9108 271.343648    6.63343     62.361     1.3178  34.751910  0.000e+00
     61.789     8.3804    33.0452    25.6826 8.5470e-02      1.883    1482.51     30.731     2.9106 271.343649    6.63342     62.386     1.3178  34.751910  0.000e+00
     61.813     8.3803    33.0455    25.6829 8.5470e-02      1.905    1482.51     30.729     2.9104 271.343649    6.63344     62.411     1.3178  34.752033  0.000e+00
     61.838     8.3805    33.0452    25.6826 8.5470e-02      1.897    1482.51     30.726     2.9102 271.343650    6.63341     62.435     1.2873  34.751972  0.000e+00
     61.862     8.3803    33.0455    25.6828 8.5470e-02      1.875    1482.51     30.723     2.9099 271.343650    6.63344     62.460     1.2873  34.752033  0.000e+00
     61.869     8.3801    33.0456    25.6829 8.5470e-02      1.839    1482.51     30.731     2.9106 271.343651    6.63346     62.467     1.2873  34.751972  0.000e+00
     61.922     8.3801    33.0454    25.6828 8.5470e-02      1.817    1482.51     30.728     2.9103 271.343651    6.63347     62.521     1.2873  34.751788  0.000e+00
     61.934     8.3799    33.0457    25.6831 8.5470e-02      1.802    1482.51     30.735     2.9110 271.343652    6.63349     62.532     1.2873  34.751911  0.000e+00
     61.958     8.3800    33.0455    25.6829 8.5470e-02      1.788    1482.51     30.742     2.9116 271.343652    6.63348     62.557     1.2873  34.751788  0.000e+00
     61.983     8.3798    33.0455    25.6829 8.5470e-02      1.788    1482.51     30.738     2.9113 271.343653    6.63351     62.582     1.2873  34.751665  0.000e+00
     61.994     8.3796    33.0455    25.6830 8.5470e-02      1.788    1482.51     30.744     2.9119 271.343653    6.63354     62.593     1.3178  34.751481  0.000e+00
     62.030     8.3796    33.0458    25.6832 8.5470e-02      1.802    1482.51     30.751     2.9126 271.343654    6.63352     62.629     1.3178  34.751850  0.000e+00
     62.054     8.3795    33.0457    25.6831 8.5470e-02      1.810    1482.51     30.747     2.9122 271.343654    6.63355     62.654     1.3178  34.751604  0.000e+00
     62.066     8.3796    33.0459    25.6833 8.5470e-02      1.810    1482.51     30.753     2.9127 271.343655    6.63352     62.665     1.2873  34.751911  0.000e+00
     62.103     8.3796    33.0457    25.6831 8.5470e-02      1.802    1482.51     30.748     2.9123 271.343655    6.63353     62.703     1.2873  34.751727  0.000e+00
     62.127     8.3793    33.0462    25.6835 8.5470e-02      1.824    1482.51     30.743     2.9118 271.343655    6.63355     62.728     1.2873  34.751973  0.000e+00
     62.139     8.3794    33.0461    25.6835 8.5470e-02      1.839    1482.52     30.738     2.9113 271.343656    6.63354     62.739     1.2873  34.751973  0.000e+00
     62.175     8.3792    33.0461    25.6835 8.5470e-02      1.824    1482.51     30.732     2.9107 271.343656    6.63358     62.775     1.2873  34.751789  0.000e+00
     62.188     8.3793    33.0461    25.6835 8.5470e-02      1.802    1482.52     30.725     2.9101 271.343657    6.63355     62.789     1.3178  34.751912  0.000e+00
     62.210     8.3793    33.0460    25.6834 8.5470e-02      1.788    1482.52     30.718     2.9095 271.343657    6.63356     62.812     1.3178  34.751789  0.000e+00
     62.235     8.3792    33.0459    25.6833 8.5470e-02      1.810    1482.52     30.711     2.9088 271.343658    6.63358     62.836     1.3178  34.751666  0.000e+00
     62.259     8.3793    33.0459    25.6833 8.5470e-02      1.810    1482.52     30.714     2.9091 271.343658    6.63356     62.861     1.3178  34.751728  0.000e+00
     62.284     8.3793    33.0458    25.6832 8.5470e-02      1.795    1482.52     30.706     2.9083 271.343659    6.63357     62.885     1.3178  34.751666  0.000e+00
     62.308     8.3791    33.0461    25.6835 8.5470e-02      1.788    1482.52     30.709     2.9086 271.343659    6.63359     62.910     1.2873  34.751728  0.000e+00
     62.319     8.3793    33.0458    25.6832 8.5470e-02      1.788    1482.52     30.712     2.9088 271.343660    6.63357     62.922     1.2873  34.751667  0.000e+00
     62.355     8.3790    33.0462    25.6836 8.5470e-02      1.788    1482.52     30.704     2.9081 271.343660    6.63360     62.958     1.3178  34.751728  0.000e+00
     62.368     8.3791    33.0460    25.6834 8.5470e-02      1.802    1482.52     30.782     2.9155 271.343661    6.63360     62.971     1.2873  34.751667  0.000e+00
     62.404     8.3793    33.0458    25.6832 8.5470e-02      1.810    1482.52     30.718     2.9095 271.343661    6.63357     63.007     1.3178  34.751728  0.000e+00
     62.415     8.3790    33.0461    25.6835 8.5470e-02      1.824    1482.52     30.720     2.9096 271.343662    6.63361     63.018     1.3178  34.751667  0.000e+00
     62.453     8.3791    33.0463    25.6836 8.5470e-02      1.846    1482.52     30.711     2.9088 271.343662    6.63358     63.056     1.2873  34.751974  0.000e+00
     62.464     8.3792    33.0462    25.6835 8.5470e-02      1.853    1482.52     30.701     2.9079 271.343663    6.63357     63.068     1.2873  34.751974  0.000e+00
