Cruise data/ship_ctd/CP1_Oksvallflua_280923_tokt2.cnv
* Sea-Bird SBE 9 Data File:
* FileName = C:\CTD Brukere\UiO Kurs\Geo2320 2023\CP1_Oksvallflua_280923_tokt2.hex
* Software Version Seasave V 7.26.7.121
* Temperature SN = 5352
* Conductivity SN = 3840
* Number of Bytes Per Scan = 31
* Number of Voltage Words = 5
* Number of Scans Averaged by the Deck Unit = 1
* NMEA baud rate = 4800
** Ship: R/V Trygve Braarud
** Cruise:
** Station:
** Operator:
# nquan = 15
# nvalues = 3845                                  
# units = specified
# name 0 = depSM: Depth [salt water, m], lat = 59.90
# name 1 = t090C: Temperature [ITS-90, deg C]
# name 2 = sal00: Salinity, Practical [PSU]
# name 3 = sigma-t00: Density [sigma-t, kg/m^3 ]
# name 4 = flSP: Fluorescence, Seapoint
# name 5 = seaTurbMtr: Turbidity, Seapoint [FTU]
# name 6 = svCM: Sound Velocity [Chen-Millero, m/s]
# name 7 = sbeox0PS: Oxygen, SBE 43 [% saturation]
# name 8 = sbeox0Mg/L: Oxygen, SBE 43 [mg/l]
# name 9 = timeJ: Julian Days
# name 10 = oxsatML/L: Oxygen Saturation, Weiss [ml/l]
# name 11 = prDM: Pressure, Digiquartz [db]
# name 12 = wetStar: Fluorescence, WET Labs WETstar [mg/m^3]
# name 13 = c0mS/cm: Conductivity [mS/cm]
# name 14 = flag:  0.000e+00
# span 0 =      0.588,     81.014                 
# span 1 =     8.3385,    15.7636                 
# span 2 =    16.9110,    33.1091                 
# span 3 =    11.9607,    25.7390                 
# span 4 = 7.3260e-02, 1.2454e+01                 
# span 5 =      1.663,      2.755                 
# span 6 =    1482.44,    1495.71                 
# span 7 =     23.218,     87.070                 
# span 8 =     2.1799,     7.8145                 
# span 9 = 271.502627, 271.504481                 
# span 10 =    6.03971,    6.63760                
# span 11 =      0.594,     81.801                
# span 12 =     1.2263,     4.4314                
# span 13 =  22.526326,  34.783981                
# span 14 = 0.0000e+00, 0.0000e+00                
# interval = seconds: 0.0416667
# start_time = Sep 28 2023 12:03:47 [System UTC, first data scan.]
# bad_flag = -9.990e-29
*END*
[from data line 482]
      6.630    15.6149    18.3377    13.0508 4.3101e+00      1.971    1489.49     83.051     7.3907 271.502860    6.21894      6.693     4.0346  24.261742  0.000e+00
      6.630    15.5956    18.4689    13.1550 4.2979e+00      1.956    1489.58     83.041     7.3868 271.502860    6.21644      6.693     4.0040  24.409320  0.000e+00
      6.687    15.5756    18.5720    13.2378 4.1270e+00      1.949    1489.63     82.957     7.3777 271.502861    6.21509      6.750     4.0040  24.522397  0.000e+00
      6.703    15.5570    18.6416    13.2946 4.0293e+00      1.956    1489.65     82.950     7.3767 271.502861    6.21484      6.767     4.0040  24.595616  0.000e+00
      6.722    15.5455    18.6649    13.3147 4.0537e+00      1.971    1489.64     82.868     7.3701 271.502862    6.21544      6.786     3.9735  24.617175  0.000e+00
      6.738    15.5413    18.6715    13.3205 3.9560e+00      1.993    1489.63     82.857     7.3695 271.502862    6.21573      6.803     4.0040  24.622688  0.000e+00
      6.774    15.5373    18.6426    13.2993 3.8462e+00      2.007    1489.59     82.771     7.3637 271.502863    6.21734      6.839     4.0040  24.585732  0.000e+00
      6.795    15.5487    18.5183    13.2019 3.8950e+00      2.015    1489.48     82.756     7.3662 271.502863    6.22059      6.860     4.0040  24.442468  0.000e+00
      6.834    15.5710    18.3739    13.0870 4.0049e+00      2.007    1489.39     82.674     7.3621 271.502864    6.22321      6.899     3.9735  24.280888  0.000e+00
      6.842    15.5909    18.3439    13.0602 4.0171e+00      1.993    1489.42     82.662     7.3594 271.502864    6.22178      6.907     3.9735  24.255884  0.000e+00
      6.870    15.5845    18.4776    13.1638 3.9927e+00      1.963    1489.55     82.575     7.3466 271.502865    6.21754      6.935     3.9735  24.413632  0.000e+00
      6.902    15.5576    18.6005    13.2631 3.8095e+00      1.912    1489.61     82.558     7.3436 271.502865    6.21633      6.968     3.9735  24.546526  0.000e+00
      6.929    15.5464    18.6153    13.2766 3.8095e+00      1.875    1489.59     82.474     7.3372 271.502866    6.21721      6.995     3.9735  24.558081  0.000e+00
      6.954    15.5415    18.6153    13.2775 3.8095e+00      1.846    1489.57     82.454     7.3361 271.502866    6.21784      7.020     3.9735  24.555220  0.000e+00
      6.973    15.5327    18.6532    13.3082 3.7729e+00      1.817    1489.59     82.367     7.3280 271.502867    6.21752      7.040     3.9735  24.595942  0.000e+00
      7.012    15.5323    18.5986    13.2665 3.9438e+00      1.810    1489.53     82.351     7.3291 271.502867    6.21965      7.079     3.9735  24.529957  0.000e+00
      7.033    15.5506    18.4879    13.1782 4.2002e+00      1.846    1489.46     82.269     7.3240 271.502867    6.22150      7.100     4.0040  24.406954  0.000e+00
      7.061    15.5609    18.4750    13.1664 4.2613e+00      1.905    1489.48     82.250     7.3214 271.502868    6.22066      7.128     3.9735  24.397256  0.000e+00
      7.069    15.5486    18.5941    13.2599 4.1636e+00      1.919    1489.57     82.164     7.3102 271.502868    6.21773      7.136     3.9735  24.533734  0.000e+00
      7.120    15.5276    18.7062    13.3498 3.9072e+00      1.890    1489.64     82.149     7.3070 271.502869    6.21617      7.188     3.9735  24.656854  0.000e+00
      7.132    15.5139    18.7551    13.3899 3.9683e+00      1.853    1489.65     82.060     7.2990 271.502869    6.21607      7.200     3.9735  24.707809  0.000e+00
      7.164    15.5058    18.7734    13.4055 4.2735e+00      1.853    1489.64     82.042     7.2978 271.502870    6.21642      7.232     3.9735  24.725235  0.000e+00
      7.180    15.5008    18.7753    13.4079 4.5543e+00      1.846    1489.63     81.959     7.2910 271.502870    6.21699      7.249     3.9735  24.724640  0.000e+00
      7.224    15.5043    18.7247    13.3685 4.4322e+00      1.839    1489.58     81.947     7.2917 271.502871    6.21846      7.293     3.9735  24.665833  0.000e+00
      7.240    15.5204    18.6166    13.2826 4.2002e+00      1.832    1489.51     81.862     7.2865 271.502871    6.22050      7.309     3.9735  24.544965  0.000e+00
      7.273    15.5413    18.4982    13.1880 4.1392e+00      1.832    1489.44     81.777     7.2811 271.502872    6.22230      7.342     3.9430  24.414283  0.000e+00
      7.300    15.5624    18.4043    13.1120 4.2247e+00      1.839    1489.41     81.763     7.2809 271.502872    6.22315      7.370     3.9735  24.312949  0.000e+00
      7.320    15.5782    18.3365    13.0570 4.3834e+00      1.839    1489.38     81.683     7.2745 271.502873    6.22370      7.389     3.9430  24.239975  0.000e+00
      7.347    15.5927    18.2821    13.0126 4.5421e+00      1.861    1489.36     81.596     7.2669 271.502873    6.22389      7.417     3.9430  24.182489  0.000e+00
      7.368    15.6045    18.2526    12.9877 4.4444e+00      1.897    1489.37     81.508     7.2587 271.502874    6.22351      7.438     3.9430  24.153335  0.000e+00
      7.396    15.6062    18.2626    12.9951 4.3712e+00      1.897    1489.39     81.420     7.2501 271.502874    6.22290      7.466     3.9430  24.166380  0.000e+00
      7.418    15.6038    18.3188    13.0386 4.4444e+00      1.890    1489.44     81.404     7.2465 271.502875    6.22108      7.489     3.9430  24.232987  0.000e+00
      7.451    15.5978    18.3948    13.0979 4.4811e+00      1.905    1489.51     81.315     7.2362 271.502875    6.21897      7.522     3.9430  24.321341  0.000e+00
      7.467    15.5873    18.4491    13.1414 4.2002e+00      1.919    1489.54     81.227     7.2275 271.502876    6.21826      7.538     3.9430  24.380935  0.000e+00
      7.499    15.5802    18.4769    13.1641 3.9560e+00      1.905    1489.55     81.139     7.2195 271.502876    6.21812      7.571     3.9430  24.410509  0.000e+00
      7.514    15.5784    18.4878    13.1728 4.0293e+00      1.890    1489.56     81.045     7.2109 271.502877    6.21794      7.586     3.9125  24.422579  0.000e+00
      7.546    15.5748    18.5232    13.2006 4.2247e+00      1.919    1489.59     81.024     7.2080 271.502877    6.21705      7.618     3.9125  24.463331  0.000e+00
      7.574    15.5735    18.5646    13.2325 4.2002e+00      1.927    1489.63     80.867     7.1924 271.502878    6.21565      7.646     3.9125  24.512417  0.000e+00
      7.582    15.5702    18.6305    13.2836 4.2247e+00      1.912    1489.70     80.840     7.1877 271.502878    6.21358      7.654     3.9125  24.589945  0.000e+00
      7.609    15.5666    18.7118    13.3465 4.3956e+00      1.912    1489.78     80.750     7.1766 271.502879    6.21096      7.682     3.9430  24.685840  0.000e+00
      7.642    15.5588    18.7660    13.3895 4.3834e+00      1.912    1489.82     80.582     7.1604 271.502879    6.20990      7.715     3.9430  24.746614  0.000e+00
      7.669    15.5592    18.7356    13.3661 4.2125e+00      1.890    1489.78     80.553     7.1591 271.502880    6.21100      7.742     3.9125  24.710295  0.000e+00
      7.690    15.5629    18.6918    13.3319 4.2002e+00      1.868    1489.74     80.454     7.1516 271.502880    6.21218      7.764     3.9125  24.659719  0.000e+00
      7.707    15.5644    18.6538    13.3026 4.1270e+00      1.875    1489.71     80.348     7.1437 271.502880    6.21343      7.780     3.9125  24.614852  0.000e+00
      7.737    15.5698    18.6232    13.2780 3.8584e+00      1.846    1489.69     80.252     7.1358 271.502881    6.21391      7.811     3.8819  24.580978  0.000e+00
      7.765    15.5718    18.6761    13.3182 3.7241e+00      1.817    1489.76     80.151     7.1242 271.502881    6.21164      7.839     3.9125  24.645877  0.000e+00
      7.786    15.5676    18.8270    13.4344 3.8584e+00      1.817    1489.92     80.052     7.1094 271.502882    6.20647      7.860     3.8819  24.825053  0.000e+00
      7.813    15.5582    18.9843    13.5567 3.8462e+00      1.824    1490.07     79.948     7.0947 271.502882    6.20172      7.888     3.8819  25.008764  0.000e+00
      7.846    15.5505    19.0746    13.6272 3.6874e+00      1.817    1490.15     79.839     7.0822 271.502883    6.19929      7.921     3.8819  25.112799  0.000e+00
      7.860    15.5459    19.1202    13.6630 3.7729e+00      1.810    1490.18     79.732     7.0715 271.502883    6.19815      7.935     3.8514  25.164847  0.000e+00
      7.881    15.5430    19.1423    13.6805 3.9438e+00      1.810    1490.20     79.629     7.0618 271.502884    6.19769      7.957     3.8514  25.189687  0.000e+00
      7.909    15.5437    19.1025    13.6500 4.0293e+00      1.810    1490.16     79.594     7.0603 271.502884    6.19911      7.984     3.8819  25.142412  0.000e+00
      7.941    15.5508    19.0113    13.5787 3.9805e+00      1.817    1490.08     79.498     7.0547 271.502885    6.20164      8.017     3.8819  25.036974  0.000e+00
      7.958    15.5549    18.9888    13.5607 4.1026e+00      1.846    1490.06     79.398     7.0461 271.502885    6.20196      8.033     3.8819  25.012351  0.000e+00
      7.977    15.5547    19.0213    13.5857 4.2125e+00      1.890    1490.10     79.300     7.0361 271.502886    6.20076      8.053     3.9125  25.051328  0.000e+00
      7.969    15.5526    19.0437    13.6032 4.1270e+00      1.912    1490.12     79.270     7.0328 271.502886    6.20019      8.045     3.8819  25.076943  0.000e+00
      8.072    15.5512    19.0461    13.6053 4.2002e+00      1.912    1490.12     79.107     7.0185 271.502887    6.20028      8.149     3.8819  25.079065  0.000e+00
      8.048    15.5503    19.0154    13.5820 4.1636e+00      1.905    1490.08     79.077     7.0172 271.502887    6.20156      8.125     3.8819  25.041704  0.000e+00
      8.076    15.5502    18.9812    13.5558 4.0293e+00      1.875    1490.04     78.986     7.0106 271.502888    6.20286      8.153     3.8819  25.000505  0.000e+00
      8.097    15.5504    19.0205    13.5859 3.8828e+00      1.839    1490.09     78.892     7.0005 271.502888    6.20135      8.174     3.8819  25.047794  0.000e+00
      8.111    15.5474    18.9867    13.5606 3.6752e+00      1.802    1490.04     78.800     6.9943 271.502889    6.20301      8.189     3.8819  25.005559  0.000e+00
      8.132    15.5577    18.8385    13.4452 3.5775e+00      1.795    1489.90     78.707     6.9909 271.502889    6.20730      8.210     3.8819  24.833402  0.000e+00
      8.160    15.5693    18.7450    13.3714 3.4921e+00      1.810    1489.83     78.619     6.9854 271.502890    6.20935      8.238     3.8819  24.727505  0.000e+00
      8.168    15.5736    18.7816    13.3985 3.6996e+00      1.832    1489.89     78.527     6.9750 271.502890    6.20741      8.246     3.8819  24.773960  0.000e+00
      8.209    15.5666    18.8948    13.4865 4.1392e+00      1.846    1490.00     78.438     6.9633 271.502891    6.20403      8.287     3.8819  24.906131  0.000e+00
      8.215    15.5566    18.9779    13.5521 4.3590e+00      1.861    1490.06     78.418     6.9594 271.502891    6.20217      8.293     3.8819  25.000233  0.000e+00
      8.244    15.5501    18.9987    13.5693 4.2491e+00      1.883    1490.06     78.338     6.9524 271.502892    6.20221      8.323     3.8819  25.021591  0.000e+00
      8.264    15.5500    18.9669    13.5449 3.9683e+00      1.912    1490.03     78.256     6.9465 271.502892    6.20342      8.342     3.8819  24.983338  0.000e+00
      8.288    15.5545    18.9134    13.5031 3.8095e+00      1.912    1489.98     78.180     6.9413 271.502893    6.20488      8.367     3.8819  24.921599  0.000e+00
      8.304    15.5597    18.8526    13.4556 3.8217e+00      1.890    1489.93     78.101     6.9361 271.502893    6.20651      8.383     3.8819  24.851564  0.000e+00
      8.323    15.5673    18.7862    13.4033 3.8339e+00      1.875    1489.88     78.099     6.9378 271.502894    6.20806      8.403     3.8819  24.775965  0.000e+00
      8.351    15.5760    18.7110    13.3441 3.6630e+00      1.861    1489.82     78.031     6.9336 271.502894    6.20978      8.431     3.8819  24.690439  0.000e+00
      8.370    15.5849    18.6137    13.2678 3.4432e+00      1.846    1489.74     77.968     6.9309 271.502894    6.21233      8.450     3.8819  24.578224  0.000e+00
      8.387    15.5948    18.5862    13.2449 3.3578e+00      1.846    1489.74     77.902     6.9248 271.502895    6.21210      8.467     3.8514  24.550792  0.000e+00
      8.419    15.5911    18.7062    13.3374 3.4432e+00      1.839    1489.87     77.906     6.9206 271.502895    6.20803      8.499     3.8514  24.693251  0.000e+00
      8.442    15.5730    18.9490    13.5268 3.4554e+00      1.846    1490.09     77.848     6.9077 271.502896    6.20117      8.522     3.8514  24.975025  0.000e+00
      8.459    15.5497    19.1452    13.6815 3.5409e+00      1.868    1490.24     77.787     6.8974 271.502896    6.19672      8.540     3.8514  25.197315  0.000e+00
      8.479    15.5372    19.2195    13.7408 3.9194e+00      1.875    1490.28     77.797     6.8969 271.502897    6.19552      8.560     3.8514  25.279150  0.000e+00
      8.482    15.5285    19.2553    13.7698 4.1392e+00      1.875    1490.29     77.741     6.8916 271.502897    6.19526      8.563     3.8514  25.317020  0.000e+00
      8.526    15.5231    19.2840    13.7928 4.2491e+00      1.861    1490.31     77.683     6.8860 271.502898    6.19487      8.607     3.8209  25.348247  0.000e+00
      8.542    15.5196    19.3119    13.8149 4.1514e+00      1.832    1490.33     77.702     6.8870 271.502898    6.19427      8.623     3.8514  25.379651  0.000e+00
      8.561    15.5169    19.3441    13.8401 3.8217e+00      1.810    1490.36     77.654     6.8818 271.502899    6.19339      8.643     3.8514  25.416754  0.000e+00
      8.586    15.5154    19.3669    13.8578 3.6142e+00      1.824    1490.38     77.604     6.8766 271.502899    6.19273      8.668     3.8514  25.443049  0.000e+00
      8.602    15.5151    19.3774    13.8660 3.5653e+00      1.846    1490.39     77.623     6.8779 271.502900    6.19237      8.684     3.8514  25.455516  0.000e+00
      8.633    15.5153    19.3870    13.8733 3.2967e+00      1.868    1490.40     77.575     6.8732 271.502900    6.19198      8.715     3.8514  25.467165  0.000e+00
      8.651    15.5162    19.3774    13.8658 3.0769e+00      1.853    1490.40     77.604     6.8761 271.502901    6.19222      8.733     3.8514  25.456227  0.000e+00
      8.670    15.5181    19.3674    13.8577 3.1624e+00      1.832    1490.39     77.558     6.8721 271.502901    6.19236      8.753     3.8514  25.445345  0.000e+00
      8.693    15.5199    19.3075    13.8115 3.6752e+00      1.810    1490.33     77.516     6.8707 271.502902    6.19440      8.775     3.8514  25.374572  0.000e+00
      8.710    15.5304    19.2160    13.7394 4.2613e+00      1.802    1490.26     77.545     6.8756 271.502902    6.19652      8.793     3.8514  25.271024  0.000e+00
      8.728    15.5317    19.2501    13.7653 4.6642e+00      1.788    1490.30     77.569     6.8762 271.502903    6.19506      8.811     3.8514  25.312708  0.000e+00
      8.757    15.5289    19.2983    13.8027 4.7253e+00      1.780    1490.35     77.533     6.8713 271.502903    6.19359      8.841     3.8514  25.368890  0.000e+00
      8.788    15.5265    19.3300    13.8274 4.3712e+00      1.780    1490.38     77.565     6.8731 271.502904    6.19270      8.872     3.8514  25.405495  0.000e+00
      8.788    15.5226    19.3779    13.8649 3.9927e+00      1.780    1490.42     77.528     6.8684 271.502904    6.19139      8.872     3.8209  25.460602  0.000e+00
      8.817    15.5194    19.4190    13.8970 3.9194e+00      1.795    1490.46     77.560     6.8700 271.502905    6.19024      8.901     3.8209  25.507980  0.000e+00
      8.837    15.5176    19.4437    13.9162 4.2491e+00      1.810    1490.48     77.523     6.8660 271.502905    6.18954      8.921     3.8209  25.536498  0.000e+00
      8.866    15.5161    19.4568    13.9265 4.6398e+00      1.824    1490.49     77.555     6.8684 271.502906    6.18925      8.950     3.8209  25.551227  0.000e+00
