Cruise data/ship_ctd/CP1_Oksvallflua_280923.cnv
* Sea-Bird SBE 9 Data File:
* FileName = C:\CTD Brukere\UiO Kurs\Geo2320 2023\CP1_Oksvallflua_280923.hex
* Software Version Seasave V 7.26.7.121
* Temperature SN = 5352
* Conductivity SN = 3840
* Number of Bytes Per Scan = 31
* Number of Voltage Words = 5
* Number of Scans Averaged by the Deck Unit = 1
* NMEA baud rate = 4800
** Ship: R/V Trygve Braarud
** Cruise:
** Station:
** Operator:
# nquan = 15
# nvalues = 243                                   
# units = specified
# name 0 = depSM: Depth [salt water, m], lat = 59.90
# name 1 = t090C: Temperature [ITS-90, deg C]
# name 2 = sal00: Salinity, Practical [PSU]
# name 3 = sigma-t00: Density [sigma-t, kg/m^3 ]
# name 4 = flSP: Fluorescence, Seapoint
# name 5 = seaTurbMtr: Turbidity, Seapoint [FTU]
# name 6 = svCM: Sound Velocity [Chen-Millero, m/s]
# name 7 = sbeox0PS: Oxygen, SBE 43 [% saturation]
# name 8 = sbeox0Mg/L: Oxygen, SBE 43 [mg/l]
# name 9 = timeJ: Julian Days
# name 10 = oxsatML/L: Oxygen Saturation, Weiss [ml/l]
# name 11 = prDM: Pressure, Digiquartz [db]
# name 12 = wetStar: Fluorescence, WET Labs WETstar [mg/m^3]
# name 13 = c0mS/cm: Conductivity [mS/cm]
# name 14 = flag:  0.000e+00
# span 0 =      0.518,      0.793                 
# span 1 =    15.4979,    15.5075                 
# span 2 =    17.1146,    17.1398                 
# span 3 =    12.1375,    12.1554                 
# span 4 = 3.3944e+00, 9.9145e+00                 
# span 5 =      2.491,      3.524                 
# span 6 =    1487.60,    1487.66                 
# span 7 =     78.748,     84.256                 
# span 8 =     7.0751,     7.5702                 
# span 9 = 271.334734, 271.334851                 
# span 10 =    6.27850,    6.28059                
# span 11 =      0.523,      0.801                
# span 12 =     4.3703,     4.4619                
# span 13 =  22.716589,  22.751488                
# span 14 = 0.0000e+00, 0.0000e+00                
# interval = seconds: 0.0416667
# start_time = Sep 28 2023 08:02:01 [System UTC, first data scan.]
# bad_flag = -9.990e-29
*END*
      0.567    15.5067    17.1344    12.1511 5.0427e+00      2.828    1487.65     78.748     7.0751 271.334734    6.27878      0.572     4.4619  22.744811  0.000e+00
      0.556    15.5065    17.1344    12.1512 5.0305e+00      2.842    1487.65     78.820     7.0816 271.334734    6.27880      0.561     4.4619  22.744759  0.000e+00
      0.567    15.5063    17.1344    12.1512 5.2015e+00      2.901    1487.65     78.899     7.0887 271.334735    6.27883      0.572     4.4619  22.744654  0.000e+00
      0.556    15.5058    17.1346    12.1514 5.7143e+00      2.923    1487.65     79.056     7.1029 271.334735    6.27889      0.561     4.4619  22.744601  0.000e+00
      0.567    15.5053    17.1346    12.1516 5.6410e+00      2.938    1487.64     79.155     7.1119 271.334736    6.27895      0.572     4.4619  22.744443  0.000e+00
      0.556    15.5050    17.1346    12.1516 5.2747e+00      2.938    1487.64     79.260     7.1214 271.334736    6.27899      0.561     4.4619  22.744233  0.000e+00
      0.567    15.5046    17.1350    12.1520 4.6398e+00      2.894    1487.64     79.442     7.1378 271.334737    6.27903      0.572     4.4619  22.744496  0.000e+00
      0.556    15.5042    17.1350    12.1521 4.4811e+00      2.828    1487.64     79.565     7.1488 271.334737    6.27908      0.561     4.4619  22.744233  0.000e+00
      0.556    15.5041    17.1349    12.1520 5.3846e+00      2.791    1487.64     79.692     7.1603 271.334738    6.27909      0.561     4.4314  22.744128  0.000e+00
      0.556    15.5041    17.1348    12.1519 6.3858e+00      2.769    1487.64     79.823     7.1721 271.334738    6.27910      0.561     4.4314  22.743970  0.000e+00
      0.556    15.5042    17.1347    12.1519 6.9719e+00      2.755    1487.64     80.030     7.1907 271.334739    6.27909      0.561     4.4314  22.743918  0.000e+00
      0.554    15.5045    17.1338    12.1511 7.0696e+00      2.762    1487.64     80.104     7.1973 271.334739    6.27909      0.559     4.4314  22.743024  0.000e+00
      0.544    15.5041    17.1335    12.1509 7.0085e+00      2.777    1487.64     80.318     7.2166 271.334740    6.27915      0.549     4.4314  22.742393  0.000e+00
      0.556    15.5038    17.1344    12.1517 7.3993e+00      2.806    1487.64     80.470     7.2303 271.334740    6.27916      0.561     4.4314  22.743287  0.000e+00
      0.556    15.5038    17.1346    12.1518 6.8742e+00      2.828    1487.64     80.624     7.2441 271.334741    6.27915      0.561     4.4619  22.743550  0.000e+00
      0.543    15.5035    17.1346    12.1519 6.1538e+00      2.835    1487.64     80.781     7.2582 271.334741    6.27919      0.548     4.4619  22.743445  0.000e+00
      0.544    15.5033    17.1348    12.1521 6.0073e+00      2.813    1487.64     80.939     7.2725 271.334742    6.27921      0.549     4.4619  22.743602  0.000e+00
      0.556    15.5028    17.1352    12.1525 5.8486e+00      2.784    1487.64     81.099     7.2869 271.334742    6.27926      0.561     4.4619  22.743813  0.000e+00
      0.544    15.5032    17.1352    12.1524 5.2381e+00      2.747    1487.64     81.260     7.3013 271.334742    6.27921      0.549     4.4314  22.743918  0.000e+00
      0.556    15.5031    17.1356    12.1528 4.9939e+00      2.740    1487.64     81.422     7.3159 271.334743    6.27920      0.561     4.4619  22.744443  0.000e+00
      0.543    15.5031    17.1356    12.1528 5.4701e+00      2.740    1487.64     81.585     7.3305 271.334743    6.27920      0.548     4.4619  22.744443  0.000e+00
      0.544    15.5030    17.1352    12.1524 6.1050e+00      2.725    1487.64     81.748     7.3452 271.334744    6.27923      0.549     4.4314  22.743813  0.000e+00
      0.544    15.5021    17.1351    12.1526 6.5079e+00      2.711    1487.63     81.911     7.3599 271.334744    6.27935      0.549     4.4314  22.743340  0.000e+00
      0.556    15.5011    17.1355    12.1530 6.5812e+00      2.703    1487.63     82.001     7.3682 271.334745    6.27947      0.561     4.4619  22.743235  0.000e+00
      0.543    15.5003    17.1359    12.1535 6.6422e+00      2.711    1487.63     82.156     7.3823 271.334745    6.27955      0.548     4.4314  22.743392  0.000e+00
      0.556    15.4996    17.1362    12.1539 6.7521e+00      2.718    1487.63     82.311     7.3963 271.334746    6.27964      0.561     4.4314  22.743287  0.000e+00
      0.544    15.4994    17.1366    12.1542 6.3492e+00      2.725    1487.63     82.464     7.4100 271.334746    6.27964      0.549     4.4619  22.743708  0.000e+00
      0.544    15.4979    17.1377    12.1554 5.5189e+00      2.725    1487.62     82.617     7.4239 271.334747    6.27979      0.549     4.4619  22.744286  0.000e+00
      0.554    15.4982    17.1378    12.1554 4.9573e+00      2.733    1487.62     82.768     7.4374 271.334747    6.27976      0.559     4.4619  22.744549  0.000e+00
      0.556    15.4984    17.1379    12.1554 5.0183e+00      2.740    1487.63     82.917     7.4508 271.334748    6.27972      0.561     4.4619  22.744759  0.000e+00
      0.544    15.4991    17.1375    12.1550 5.3114e+00      2.755    1487.63     83.063     7.4639 271.334748    6.27965      0.549     4.4619  22.744654  0.000e+00
      0.556    15.4995    17.1369    12.1544 5.6410e+00      2.769    1487.63     83.136     7.4703 271.334749    6.27962      0.561     4.4619  22.744128  0.000e+00
      0.556    15.5009    17.1366    12.1539 6.0806e+00      2.791    1487.63     83.270     7.4822 271.334749    6.27945      0.561     4.4619  22.744444  0.000e+00
      0.554    15.5031    17.1359    12.1530 6.7155e+00      2.821    1487.64     83.402     7.4937 271.334750    6.27919      0.559     4.4619  22.744759  0.000e+00
      0.556    15.5042    17.1355    12.1524 7.5092e+00      2.857    1487.64     83.459     7.4987 271.334750    6.27907      0.561     4.4619  22.744811  0.000e+00
      0.556    15.5048    17.1354    12.1523 8.1563e+00      2.916    1487.64     83.577     7.5092 271.334751    6.27899      0.561     4.4314  22.745127  0.000e+00
      0.556    15.5048    17.1353    12.1522 8.7424e+00      2.974    1487.64     83.692     7.5196 271.334751    6.27899      0.561     4.4619  22.744969  0.000e+00
      0.554    15.5049    17.1350    12.1520 9.0598e+00      3.011    1487.64     83.804     7.5296 271.334752    6.27900      0.559     4.4619  22.744654  0.000e+00
      0.556    15.5050    17.1351    12.1520 9.0842e+00      3.026    1487.64     83.911     7.5392 271.334752    6.27898      0.561     4.4314  22.744759  0.000e+00
      0.556    15.5048    17.1352    12.1521 8.7057e+00      3.033    1487.64     83.942     7.5421 271.334753    6.27900      0.561     4.4619  22.744811  0.000e+00
      0.567    15.5050    17.1353    12.1521 7.9243e+00      3.033    1487.64     84.034     7.5503 271.334753    6.27897      0.572     4.4619  22.745022  0.000e+00
      0.567    15.5052    17.1352    12.1521 6.9719e+00      3.011    1487.64     84.121     7.5581 271.334754    6.27895      0.572     4.4619  22.745074  0.000e+00
      0.567    15.5055    17.1349    12.1518 6.0928e+00      2.974    1487.65     84.132     7.5590 271.334754    6.27891      0.572     4.4619  22.744864  0.000e+00
      0.567    15.5053    17.1351    12.1519 5.4212e+00      2.930    1487.64     84.202     7.5653 271.334755    6.27893      0.572     4.4619  22.744969  0.000e+00
      0.567    15.5055    17.1351    12.1519 4.9817e+00      2.886    1487.65     84.195     7.5647 271.334755    6.27891      0.572     4.4619  22.745074  0.000e+00
      0.567    15.5055    17.1352    12.1520 4.6886e+00      2.850    1487.65     84.247     7.5694 271.334755    6.27890      0.572     4.4619  22.745232  0.000e+00
      0.567    15.5057    17.1349    12.1517 4.4933e+00      2.813    1487.65     84.222     7.5671 271.334756    6.27890      0.572     4.4314  22.744916  0.000e+00
      0.567    15.5057    17.1352    12.1520 4.3956e+00      2.791    1487.65     84.256     7.5702 271.334756    6.27888      0.572     4.4314  22.745337  0.000e+00
      0.567    15.5053    17.1356    12.1523 4.3223e+00      2.791    1487.65     84.213     7.5663 271.334757    6.27891      0.572     4.4314  22.745547  0.000e+00
      0.580    15.5055    17.1358    12.1524 4.2979e+00      2.813    1487.65     84.228     7.5677 271.334757    6.27888      0.585     4.4619  22.745915  0.000e+00
      0.567    15.5058    17.1356    12.1522 4.3712e+00      2.857    1487.65     84.173     7.5626 271.334758    6.27885      0.572     4.4314  22.745810  0.000e+00
      0.567    15.5057    17.1360    12.1526 4.6276e+00      2.894    1487.65     84.185     7.5637 271.334758    6.27885      0.572     4.4314  22.746231  0.000e+00
      0.567    15.5061    17.1365    12.1529 5.0061e+00      2.908    1487.65     84.205     7.5654 271.334759    6.27877      0.572     4.4314  22.747124  0.000e+00
      0.567    15.5060    17.1369    12.1532 5.5556e+00      2.916    1487.65     84.156     7.5610 271.334759    6.27878      0.572     4.4314  22.747545  0.000e+00
      0.567    15.5063    17.1371    12.1533 6.4713e+00      2.916    1487.65     84.102     7.5561 271.334760    6.27872      0.572     4.4619  22.747965  0.000e+00
      0.578    15.5060    17.1378    12.1538 7.8266e+00      2.901    1487.65     84.124     7.5581 271.334760    6.27875      0.584     4.4619  22.748544  0.000e+00
      0.567    15.5060    17.1381    12.1541 9.1575e+00      2.879    1487.65     84.076     7.5538 271.334761    6.27873      0.572     4.4314  22.748912  0.000e+00
      0.567    15.5058    17.1382    12.1542 9.9145e+00      2.857    1487.65     84.096     7.5556 271.334761    6.27875      0.572     4.4314  22.748964  0.000e+00
      0.567    15.5060    17.1378    12.1539 9.7070e+00      2.857    1487.65     84.048     7.5512 271.334762    6.27874      0.572     4.4314  22.748596  0.000e+00
      0.567    15.5058    17.1378    12.1539 8.6203e+00      2.857    1487.65     84.003     7.5473 271.334762    6.27876      0.572     4.4314  22.748491  0.000e+00
      0.578    15.5062    17.1374    12.1535 7.3871e+00      2.872    1487.65     84.020     7.5488 271.334763    6.27873      0.584     4.4314  22.748176  0.000e+00
      0.567    15.5063    17.1370    12.1532 6.4347e+00      2.886    1487.65     84.048     7.5513 271.334763    6.27873      0.572     4.4314  22.747755  0.000e+00
      0.567    15.5063    17.1370    12.1532 5.8608e+00      2.908    1487.65     84.009     7.5478 271.334764    6.27873      0.572     4.4314  22.747755  0.000e+00
      0.580    15.5067    17.1371    12.1532 5.9341e+00      2.938    1487.65     83.967     7.5439 271.334764    6.27868      0.585     4.4314  22.748123  0.000e+00
      0.578    15.5068    17.1373    12.1533 6.1783e+00      2.938    1487.65     83.995     7.5464 271.334765    6.27865      0.584     4.4619  22.748438  0.000e+00
      0.580    15.5063    17.1377    12.1538 6.3370e+00      2.923    1487.65     83.955     7.5429 271.334765    6.27870      0.585     4.4619  22.748701  0.000e+00
      0.567    15.5061    17.1382    12.1541 6.4347e+00      2.894    1487.65     83.985     7.5456 271.334766    6.27871      0.572     4.4314  22.749122  0.000e+00
      0.580    15.5065    17.1385    12.1543 6.3126e+00      2.850    1487.65     83.949     7.5423 271.334766    6.27865      0.585     4.4314  22.749700  0.000e+00
      0.580    15.5063    17.1387    12.1545 5.8852e+00      2.828    1487.65     83.911     7.5388 271.334767    6.27866      0.585     4.4314  22.749911  0.000e+00
      0.578    15.5068    17.1386    12.1544 5.4212e+00      2.806    1487.65     83.871     7.5352 271.334767    6.27860      0.584     4.4314  22.750068  0.000e+00
      0.580    15.5075    17.1387    12.1543 5.2503e+00      2.799    1487.66     83.830     7.5314 271.334768    6.27851      0.585     4.4314  22.750489  0.000e+00
      0.591    15.5074    17.1392    12.1547 5.6532e+00      2.828    1487.66     83.860     7.5341 271.334768    6.27851      0.597     4.4314  22.751067  0.000e+00
      0.580    15.5075    17.1390    12.1545 6.5079e+00      2.916    1487.66     83.816     7.5302 271.334769    6.27850      0.585     4.4619  22.750909  0.000e+00
      0.578    15.5072    17.1388    12.1544 7.1551e+00      3.092    1487.66     83.772     7.5263 271.334769    6.27855      0.584     4.4314  22.750489  0.000e+00
      0.580    15.5069    17.1391    12.1547 7.0940e+00      3.304    1487.65     83.800     7.5287 271.334769    6.27858      0.585     4.4314  22.750699  0.000e+00
      0.591    15.5072    17.1392    12.1547 6.5201e+00      3.458    1487.66     83.762     7.5253 271.334770    6.27853      0.597     4.4314  22.750962  0.000e+00
      0.580    15.5072    17.1396    12.1550 5.7265e+00      3.524    1487.66     83.723     7.5218 271.334770    6.27852      0.585     4.4314  22.751383  0.000e+00
      0.580    15.5070    17.1397    12.1552 5.2625e+00      3.502    1487.66     83.757     7.5249 271.334771    6.27854      0.585     4.4314  22.751488  0.000e+00
      0.590    15.5074    17.1394    12.1549 5.3724e+00      3.436    1487.66     83.726     7.5220 271.334771    6.27850      0.595     4.4314  22.751330  0.000e+00
      0.591    15.5068    17.1398    12.1552 5.6899e+00      3.333    1487.66     83.695     7.5193 271.334772    6.27856      0.597     4.4619  22.751435  0.000e+00
      0.580    15.5069    17.1389    12.1546 5.9096e+00      3.172    1487.65     83.729     7.5224 271.334772    6.27859      0.585     4.4619  22.750436  0.000e+00
      0.591    15.5068    17.1375    12.1535 5.7631e+00      3.004    1487.65     83.699     7.5198 271.334773    6.27864      0.597     4.4619  22.748701  0.000e+00
      0.590    15.5069    17.1366    12.1528 5.8120e+00      2.894    1487.65     83.670     7.5172 271.334773    6.27867      0.595     4.4619  22.747650  0.000e+00
      0.591    15.5070    17.1362    12.1524 5.6166e+00      2.872    1487.65     83.633     7.5139 271.334774    6.27867      0.597     4.4619  22.747177  0.000e+00
      0.603    15.5068    17.1359    12.1523 5.3236e+00      2.864    1487.65     83.670     7.5173 271.334774    6.27871      0.608     4.4619  22.746756  0.000e+00
      0.591    15.5065    17.1361    12.1525 6.3614e+00      2.835    1487.65     83.643     7.5149 271.334775    6.27874      0.597     4.4619  22.746809  0.000e+00
      0.603    15.5065    17.1365    12.1528 7.4603e+00      2.799    1487.65     83.617     7.5125 271.334775    6.27873      0.608     4.4314  22.747282  0.000e+00
      0.603    15.5067    17.1367    12.1529 7.1062e+00      2.755    1487.65     83.593     7.5103 271.334776    6.27869      0.608     4.4619  22.747703  0.000e+00
      0.615    15.5072    17.1365    12.1526 6.8620e+00      2.740    1487.65     83.563     7.5076 271.334776    6.27864      0.621     4.4314  22.747650  0.000e+00
      0.603    15.5074    17.1362    12.1524 7.1306e+00      2.733    1487.65     83.606     7.5115 271.334777    6.27862      0.608     4.4314  22.747440  0.000e+00
      0.615    15.5068    17.1363    12.1526 7.5580e+00      2.725    1487.65     83.587     7.5098 271.334777    6.27869      0.621     4.4314  22.747229  0.000e+00
      0.603    15.5065    17.1358    12.1522 8.3394e+00      2.703    1487.65     83.563     7.5077 271.334778    6.27875      0.608     4.4314  22.746441  0.000e+00
      0.615    15.5060    17.1357    12.1522 9.0842e+00      2.689    1487.65     83.612     7.5122 271.334778    6.27883      0.621     4.4314  22.746020  0.000e+00
      0.627    15.5060    17.1352    12.1519 8.7057e+00      2.718    1487.65     83.592     7.5104 271.334779    6.27884      0.633     4.4314  22.745442  0.000e+00
      0.615    15.5058    17.1349    12.1517 8.6691e+00      2.784    1487.65     83.573     7.5087 271.334779    6.27887      0.621     4.4314  22.744969  0.000e+00
      0.615    15.5058    17.1346    12.1515 8.1685e+00      2.806    1487.65     83.549     7.5066 271.334780    6.27888      0.621     4.4314  22.744654  0.000e+00
