Cruise data/ship_ctd/CP1_Oksvallflua_280923_1.cnv
* Sea-Bird SBE 9 Data File:
* FileName = C:\CTD Brukere\UiO Kurs\Geo2320 2023\CP1_Oksvallflua_280923_1.hex
* Software Version Seasave V 7.26.7.121
* Temperature SN = 5352
* Conductivity SN = 3840
* Number of Bytes Per Scan = 31
* Number of Voltage Words = 5
* Number of Scans Averaged by the Deck Unit = 1
* NMEA baud rate = 4800
** Ship: R/V Trygve Braarud
** Cruise:
** Station:
** Operator:
# nquan = 15
# nvalues = 82                                    
# units = specified
# name 0 = depSM: Depth [salt water, m], lat = 59.90
# name 1 = t090C: Temperature [ITS-90, deg C]
# name 2 = sal00: Salinity, Practical [PSU]
# name 3 = sigma-t00: Density [sigma-t, kg/m^3 ]
# name 4 = flSP: Fluorescence, Seapoint
# name 5 = seaTurbMtr: Turbidity, Seapoint [FTU]
# name 6 = svCM: Sound Velocity [Chen-Millero, m/s]
# name 7 = sbeox0PS: Oxygen, SBE 43 [% saturation]
# name 8 = sbeox0Mg/L: Oxygen, SBE 43 [mg/l]
# name 9 = timeJ: Julian Days
# name 10 = oxsatML/L: Oxygen Saturation, Weiss [ml/l]
# name 11 = prDM: Pressure, Digiquartz [db]
# name 12 = wetStar: Fluorescence, WET Labs WETstar [mg/m^3]
# name 13 = c0mS/cm: Conductivity [mS/cm]
# name 14 = flag:  0.000e+00
# span 0 =      0.689,      0.798                 
# span 1 =    15.4725,    15.4858                 
# span 2 =    17.0454,    17.0671                 
# span 3 =    12.0889,    12.1038                 
# span 4 = 4.4444e+00, 9.4628e+00                 
# span 5 =      1.846,      3.114                 
# span 6 =    1487.44,    1487.50                 
# span 7 =     76.294,     84.973                 
# span 8 =     6.8605,     7.6427                 
# span 9 = 271.340081, 271.340120                 
# span 10 =    6.28421,    6.28664                
# span 11 =      0.696,      0.805                
# span 12 =     4.4314,     4.4924                
# span 13 =  22.619034,  22.651728                
# span 14 = 0.0000e+00, 0.0000e+00                
# interval = seconds: 0.0416667
# start_time = Sep 28 2023 08:09:43 [System UTC, first data scan.]
# bad_flag = -9.990e-29
*END*
      0.689    15.4858    17.0633    12.1007 6.4469e+00      2.864    1487.50     76.294     6.8605 271.340081    6.28423      0.696     4.4924  22.647634  0.000e+00
      0.762    15.4853    17.0631    12.1007 5.8120e+00      2.703    1487.50     76.438     6.8736 271.340082    6.28430      0.769     4.4619  22.647162  0.000e+00
      0.726    15.4845    17.0540    12.0939 5.1648e+00      2.608    1487.49     76.596     6.8883 271.340082    6.28476      0.733     4.4619  22.635720  0.000e+00
      0.726    15.4841    17.0528    12.0930 5.0672e+00      2.476    1487.48     76.767     6.9038 271.340082    6.28484      0.733     4.4619  22.634093  0.000e+00
      0.726    15.4836    17.0605    12.0990 6.0317e+00      2.418    1487.49     76.951     6.9201 271.340083    6.28462      0.733     4.4924  22.643172  0.000e+00
      0.736    15.4835    17.0628    12.1008 6.3004e+00      2.505    1487.49     77.147     6.9377 271.340083    6.28455      0.743     4.4924  22.645797  0.000e+00
      0.726    15.4834    17.0624    12.1005 6.2515e+00      2.542    1487.49     77.355     6.9564 271.340084    6.28457      0.733     4.4619  22.645377  0.000e+00
      0.726    15.4835    17.0621    12.1002 6.4225e+00      2.440    1487.49     77.574     6.9761 271.340084    6.28458      0.733     4.4619  22.644957  0.000e+00
      0.738    15.4835    17.0618    12.1000 6.2271e+00      2.352    1487.49     77.731     6.9902 271.340085    6.28459      0.745     4.4619  22.644642  0.000e+00
      0.726    15.4833    17.0617    12.1000 5.6777e+00      2.337    1487.49     77.963     7.0111 271.340085    6.28461      0.733     4.4619  22.644432  0.000e+00
      0.736    15.4834    17.0617    12.1000 5.7631e+00      2.410    1487.49     78.205     7.0328 271.340086    6.28459      0.743     4.4619  22.644537  0.000e+00
      0.738    15.4831    17.0616    12.1000 6.1538e+00      2.440    1487.49     78.455     7.0554 271.340086    6.28464      0.745     4.4619  22.644222  0.000e+00
      0.726    15.4829    17.0619    12.1002 6.3858e+00      2.432    1487.49     78.713     7.0786 271.340087    6.28465      0.733     4.4619  22.644432  0.000e+00
      0.738    15.4826    17.0621    12.1005 6.9963e+00      2.403    1487.49     78.979     7.1026 271.340087    6.28468      0.745     4.4619  22.644590  0.000e+00
      0.738    15.4821    17.0621    12.1005 7.0085e+00      2.293    1487.49     79.180     7.1207 271.340088    6.28476      0.745     4.4619  22.644222  0.000e+00
      0.736    15.4820    17.0621    12.1006 6.4835e+00      2.147    1487.49     79.453     7.1453 271.340088    6.28477      0.743     4.4619  22.644222  0.000e+00
      0.738    15.4823    17.0621    12.1005 6.2393e+00      2.051    1487.49     79.659     7.1638 271.340089    6.28473      0.745     4.4619  22.644327  0.000e+00
      0.726    15.4821    17.0616    12.1001 5.6654e+00      1.978    1487.49     79.936     7.1887 271.340089    6.28478      0.733     4.4619  22.643645  0.000e+00
      0.738    15.4819    17.0614    12.1000 4.9451e+00      1.919    1487.49     80.219     7.2142 271.340090    6.28481      0.745     4.4619  22.643278  0.000e+00
      0.738    15.4823    17.0610    12.0997 4.4444e+00      1.883    1487.49     80.433     7.2334 271.340090    6.28477      0.745     4.4619  22.643068  0.000e+00
      0.736    15.4823    17.0612    12.0998 4.5299e+00      1.868    1487.49     80.717     7.2589 271.340091    6.28477      0.743     4.4619  22.643330  0.000e+00
      0.749    15.4826    17.0625    12.1007 4.5788e+00      1.853    1487.49     80.933     7.2782 271.340091    6.28468      0.756     4.4619  22.645010  0.000e+00
      0.738    15.4833    17.0664    12.1036 4.5421e+00      1.853    1487.50     81.216     7.3034 271.340092    6.28443      0.745     4.4619  22.650154  0.000e+00
      0.738    15.4848    17.0671    12.1038 4.5665e+00      1.890    1487.50     81.430     7.3224 271.340092    6.28421      0.745     4.4619  22.651728  0.000e+00
      0.738    15.4836    17.0642    12.1018 4.5421e+00      1.963    1487.49     81.639     7.3415 271.340093    6.28448      0.745     4.4619  22.647582  0.000e+00
      0.749    15.4823    17.0615    12.1000 4.7253e+00      2.007    1487.49     81.916     7.3667 271.340093    6.28476      0.756     4.4619  22.643593  0.000e+00
      0.738    15.4813    17.0622    12.1008 4.7863e+00      2.022    1487.48     82.121     7.3853 271.340094    6.28486      0.745     4.4619  22.643960  0.000e+00
      0.749    15.4809    17.0631    12.1015 4.8230e+00      2.022    1487.48     82.393     7.4098 271.340094    6.28487      0.756     4.4619  22.644852  0.000e+00
      0.738    15.4813    17.0619    12.1005 5.1038e+00      2.022    1487.48     82.593     7.4278 271.340095    6.28487      0.745     4.4924  22.643593  0.000e+00
      0.749    15.4809    17.0595    12.0988 5.5678e+00      1.993    1487.48     82.786     7.4453 271.340095    6.28501      0.756     4.4619  22.640548  0.000e+00
      0.736    15.4808    17.0585    12.0981 6.6667e+00      1.956    1487.48     82.972     7.4621 271.340095    6.28507      0.743     4.4619  22.639236  0.000e+00
      0.749    15.4809    17.0583    12.0979 8.5104e+00      1.949    1487.48     83.223     7.4846 271.340096    6.28505      0.756     4.4619  22.639079  0.000e+00
      0.738    15.4809    17.0582    12.0978 9.4628e+00      1.985    1487.48     83.400     7.5005 271.340096    6.28506      0.745     4.4619  22.638921  0.000e+00
      0.738    15.4808    17.0572    12.0970 8.5714e+00      2.212    1487.48     83.569     7.5158 271.340097    6.28512      0.745     4.4924  22.637609  0.000e+00
      0.749    15.4799    17.0553    12.0957 8.0098e+00      2.740    1487.47     83.729     7.5304 271.340097    6.28530      0.756     4.4619  22.634828  0.000e+00
      0.736    15.4791    17.0527    12.0939 7.0330e+00      3.114    1487.47     83.880     7.5442 271.340098    6.28551      0.743     4.4619  22.631259  0.000e+00
      0.749    15.4786    17.0513    12.0929 6.2515e+00      2.982    1487.46     84.021     7.5571 271.340098    6.28563      0.756     4.4619  22.629318  0.000e+00
      0.738    15.4787    17.0501    12.0920 5.6166e+00      2.637    1487.46     84.225     7.5755 271.340099    6.28565      0.745     4.4619  22.628006  0.000e+00
      0.738    15.4783    17.0491    12.0913 4.9206e+00      2.366    1487.46     84.354     7.5872 271.340099    6.28576      0.745     4.4619  22.626432  0.000e+00
      0.736    15.4779    17.0493    12.0915 5.1038e+00      2.190    1487.46     84.472     7.5978 271.340100    6.28580      0.743     4.4619  22.626484  0.000e+00
      0.749    15.4786    17.0520    12.0935 6.5690e+00      2.095    1487.46     84.579     7.6072 271.340100    6.28560      0.756     4.4619  22.630157  0.000e+00
      0.738    15.4794    17.0527    12.0939 7.3504e+00      2.051    1487.47     84.674     7.6156 271.340101    6.28547      0.745     4.4619  22.631469  0.000e+00
      0.738    15.4791    17.0519    12.0933 6.7277e+00      1.993    1487.47     84.758     7.6233 271.340101    6.28554      0.745     4.4619  22.630315  0.000e+00
      0.738    15.4791    17.0505    12.0923 5.7021e+00      1.949    1487.46     84.830     7.6298 271.340102    6.28559      0.745     4.4619  22.628688  0.000e+00
      0.749    15.4791    17.0497    12.0916 5.4701e+00      1.912    1487.46     84.891     7.6353 271.340102    6.28562      0.756     4.4619  22.627639  0.000e+00
      0.738    15.4787    17.0495    12.0916 5.6166e+00      1.883    1487.46     84.938     7.6396 271.340103    6.28567      0.745     4.4619  22.627271  0.000e+00
      0.738    15.4789    17.0495    12.0915 5.6899e+00      1.846    1487.46     84.973     7.6427 271.340103    6.28565      0.745     4.4619  22.627376  0.000e+00
      0.738    15.4789    17.0511    12.0928 6.2027e+00      1.875    1487.46     84.923     7.6381 271.340104    6.28559      0.745     4.4924  22.629318  0.000e+00
      0.738    15.4792    17.0514    12.0929 5.7998e+00      1.949    1487.47     84.924     7.6382 271.340104    6.28554      0.745     4.4619  22.629738  0.000e+00
      0.749    15.4783    17.0494    12.0916 4.7741e+00      1.971    1487.46     84.912     7.6374 271.340105    6.28574      0.756     4.4619  22.626904  0.000e+00
      0.738    15.4778    17.0471    12.0898 4.6276e+00      1.971    1487.46     84.901     7.6366 271.340105    6.28590      0.745     4.4619  22.623756  0.000e+00
      0.749    15.4776    17.0458    12.0889 5.1770e+00      1.941    1487.45     84.893     7.6359 271.340106    6.28597      0.756     4.4619  22.622182  0.000e+00
      0.738    15.4772    17.0463    12.0894 6.2271e+00      1.912    1487.45     84.886     7.6353 271.340106    6.28599      0.745     4.4619  22.622601  0.000e+00
      0.749    15.4774    17.0469    12.0898 7.0696e+00      1.890    1487.45     84.882     7.6349 271.340107    6.28595      0.756     4.4619  22.623336  0.000e+00
      0.736    15.4772    17.0468    12.0898 7.6679e+00      1.890    1487.45     84.808     7.6283 271.340107    6.28598      0.743     4.4924  22.623178  0.000e+00
      0.749    15.4774    17.0472    12.0900 7.9121e+00      1.897    1487.45     84.803     7.6278 271.340108    6.28594      0.756     4.4924  22.623703  0.000e+00
      0.749    15.4779    17.0486    12.0910 7.4603e+00      1.912    1487.46     84.801     7.6275 271.340108    6.28582      0.756     4.4619  22.625697  0.000e+00
      0.738    15.4786    17.0517    12.0932 6.4957e+00      1.941    1487.46     84.723     7.6202 271.340109    6.28561      0.745     4.4619  22.629843  0.000e+00
      0.749    15.4798    17.0542    12.0949 5.5678e+00      2.000    1487.47     84.715     7.6192 271.340109    6.28536      0.756     4.4619  22.633463  0.000e+00
      0.736    15.4798    17.0545    12.0952 5.0183e+00      2.059    1487.47     84.711     7.6188 271.340109    6.28535      0.743     4.4619  22.633831  0.000e+00
      0.749    15.4794    17.0536    12.0945 4.8474e+00      2.044    1487.47     84.712     7.6190 271.340110    6.28543      0.756     4.4314  22.632571  0.000e+00
      0.738    15.4793    17.0522    12.0935 4.8962e+00      1.985    1487.47     84.718     7.6196 271.340110    6.28550      0.745     4.4314  22.630787  0.000e+00
      0.762    15.4791    17.0517    12.0931 5.0183e+00      1.941    1487.47     84.658     7.6143 271.340111    6.28555      0.769     4.4314  22.630052  0.000e+00
      0.738    15.4792    17.0522    12.0935 5.4579e+00      1.949    1487.47     84.660     7.6145 271.340111    6.28551      0.745     4.4314  22.630735  0.000e+00
      0.749    15.4799    17.0527    12.0938 6.0684e+00      1.971    1487.47     84.597     7.6087 271.340112    6.28540      0.756     4.4314  22.631732  0.000e+00
      0.749    15.4796    17.0529    12.0940 6.5201e+00      1.978    1487.47     84.598     7.6088 271.340112    6.28543      0.756     4.4619  22.631837  0.000e+00
      0.749    15.4781    17.0506    12.0925 6.6545e+00      1.971    1487.46     84.534     7.6033 271.340113    6.28572      0.756     4.4619  22.628268  0.000e+00
      0.749    15.4761    17.0474    12.0905 6.9841e+00      1.971    1487.45     84.541     7.6045 271.340113    6.28610      0.756     4.4619  22.623336  0.000e+00
      0.749    15.4744    17.0464    12.0900 7.1795e+00      1.956    1487.44     84.549     7.6055 271.340114    6.28636      0.756     4.4619  22.621237  0.000e+00
      0.760    15.4739    17.0463    12.0900 6.8620e+00      1.956    1487.44     84.564     7.6069 271.340114    6.28643      0.768     4.4619  22.620818  0.000e+00
      0.762    15.4734    17.0467    12.0904 6.4225e+00      1.949    1487.44     84.507     7.6019 271.340115    6.28648      0.769     4.4619  22.621080  0.000e+00
      0.773    15.4734    17.0469    12.0905 6.2271e+00      1.934    1487.44     84.524     7.6033 271.340115    6.28648      0.781     4.4619  22.621237  0.000e+00
      0.773    15.4732    17.0462    12.0901 6.8254e+00      1.890    1487.44     84.469     7.5985 271.340116    6.28652      0.781     4.4619  22.620345  0.000e+00
      0.785    15.4725    17.0454    12.0896 7.8632e+00      1.883    1487.44     84.480     7.5996 271.340116    6.28664      0.792     4.4314  22.619034  0.000e+00
      0.772    15.4729    17.0454    12.0895 8.4249e+00      1.941    1487.44     84.428     7.5948 271.340117    6.28660      0.779     4.4314  22.619191  0.000e+00
      0.785    15.4730    17.0455    12.0896 8.3516e+00      2.029    1487.44     84.442     7.5961 271.340117    6.28657      0.792     4.4314  22.619401  0.000e+00
      0.785    15.4732    17.0454    12.0895 8.3516e+00      2.066    1487.44     84.394     7.5918 271.340118    6.28655      0.792     4.4314  22.619401  0.000e+00
      0.785    15.4729    17.0456    12.0896 8.2540e+00      2.059    1487.44     84.413     7.5935 271.340118    6.28659      0.792     4.4314  22.619401  0.000e+00
      0.785    15.4731    17.0459    12.0898 7.8388e+00      2.044    1487.44     84.362     7.5889 271.340119    6.28655      0.792     4.4619  22.619873  0.000e+00
      0.796    15.4746    17.0465    12.0901 7.7167e+00      2.044    1487.45     84.379     7.5902 271.340119    6.28634      0.804     4.4314  22.621447  0.000e+00
      0.785    15.4741    17.0470    12.0905 8.4615e+00      2.088    1487.44     84.406     7.5926 271.340120    6.28638      0.792     4.4619  22.621762  0.000e+00
      0.798    15.4741    17.0467    12.0902 8.3883e+00      2.198    1487.44     84.365     7.5889 271.340120    6.28640      0.805     4.4619  22.621342  0.000e+00
