Cruise data/ship_ctd/CP1_Oksvallflua_280923_tokt2.cnv
* Sea-Bird SBE 9 Data File:
* FileName = C:\CTD Brukere\UiO Kurs\Geo2320 2023\CP1_Oksvallflua_280923_tokt2.hex
* Software Version Seasave V 7.26.7.121
* Temperature SN = 5352
* Conductivity SN = 3840
* Number of Bytes Per Scan = 31
* Number of Voltage Words = 5
* Number of Scans Averaged by the Deck Unit = 1
* NMEA baud rate = 4800
** Ship: R/V Trygve Braarud
** Cruise:
** Station:
** Operator:
# nquan = 15
# nvalues = 3845                                  
# units = specified
# name 0 = depSM: Depth [salt water, m], lat = 59.90
# name 1 = t090C: Temperature [ITS-90, deg C]
# name 2 = sal00: Salinity, Practical [PSU]
# name 3 = sigma-t00: Density [sigma-t, kg/m^3 ]
# name 4 = flSP: Fluorescence, Seapoint
# name 5 = seaTurbMtr: Turbidity, Seapoint [FTU]
# name 6 = svCM: Sound Velocity [Chen-Millero, m/s]
# name 7 = sbeox0PS: Oxygen, SBE 43 [% saturation]
# name 8 = sbeox0Mg/L: Oxygen, SBE 43 [mg/l]
# name 9 = timeJ: Julian Days
# name 10 = oxsatML/L: Oxygen Saturation, Weiss [ml/l]
# name 11 = prDM: Pressure, Digiquartz [db]
# name 12 = wetStar: Fluorescence, WET Labs WETstar [mg/m^3]
# name 13 = c0mS/cm: Conductivity [mS/cm]
# name 14 = flag:  0.000e+00
# span 0 =      0.588,     81.014                 
# span 1 =     8.3385,    15.7636                 
# span 2 =    16.9110,    33.1091                 
# span 3 =    11.9607,    25.7390                 
# span 4 = 7.3260e-02, 1.2454e+01                 
# span 5 =      1.663,      2.755                 
# span 6 =    1482.44,    1495.71                 
# span 7 =     23.218,     87.070                 
# span 8 =     2.1799,     7.8145                 
# span 9 = 271.502627, 271.504481                 
# span 10 =    6.03971,    6.63760                
# span 11 =      0.594,     81.801                
# span 12 =     1.2263,     4.4314                
# span 13 =  22.526326,  34.783981                
# span 14 = 0.0000e+00, 0.0000e+00                
# interval = seconds: 0.0416667
# start_time = Sep 28 2023 12:03:47 [System UTC, first data scan.]
# bad_flag = -9.990e-29
*END*
[from data line 772]
     13.307    15.0209    24.9579    18.2417 1.0867e+00      1.890    1495.30     67.954     5.8777 271.503000    6.04593     13.434     2.5999  31.676052  0.000e+00
     13.334    15.0116    25.0053    18.2800 9.4017e-01      2.007    1495.33     67.912     5.8735 271.503000    6.04534     13.461     2.5999  31.723600  0.000e+00
     13.342    15.0024    25.0766    18.3366 8.1807e-01      2.190    1495.38     67.742     5.8573 271.503001    6.04384     13.470     2.5694  31.798829  0.000e+00
     13.378    14.9933    25.1418    18.3885 7.2039e-01      2.242    1495.43     67.566     5.8408 271.503001    6.04256     13.506     2.5388  31.866998  0.000e+00
     13.402    14.9857    25.1819    18.4208 7.3260e-01      2.198    1495.45     67.383     5.8245 271.503002    6.04201     13.530     2.5388  31.907344  0.000e+00
     13.426    14.9787    25.2079    18.4422 9.6459e-01      2.256    1495.46     67.195     5.8082 271.503002    6.04192     13.555     2.5388  31.932012  0.000e+00
     13.449    14.9700    25.2356    18.4652 1.0012e+00      2.344    1495.46     67.002     5.7915 271.503003    6.04197     13.577     2.5388  31.957402  0.000e+00
     13.473    14.9569    25.2759    18.4988 8.5470e-01      2.293    1495.46     66.803     5.7744 271.503003    6.04211     13.602     2.5083  31.993865  0.000e+00
     13.498    14.9426    25.3332    18.5457 7.4481e-01      2.205    1495.48     66.606     5.7571 271.503003    6.04176     13.627     2.4778  32.049035  0.000e+00
     13.522    14.9212    25.4129    18.6112 7.2039e-01      2.132    1495.51     66.405     5.7393 271.503004    6.04147     13.651     2.4473  32.124379  0.000e+00
     13.545    14.8905    25.4976    18.6824 7.5702e-01      2.073    1495.51     66.198     5.7220 271.503004    6.04215     13.674     2.4473  32.198360  0.000e+00
     13.569    14.8623    25.5618    18.7374 7.5702e-01      2.022    1495.49     65.988     5.7049 271.503005    6.04329     13.699     2.4167  32.250622  0.000e+00
     13.593    14.8397    25.6179    18.7851 8.1807e-01      1.993    1495.48     65.703     5.6809 271.503005    6.04402     13.723     2.4167  32.297840  0.000e+00
     13.618    14.8180    25.6756    18.8338 8.5470e-01      1.985    1495.48     65.480     5.6622 271.503006    6.04458     13.748     2.4167  32.347414  0.000e+00
     13.632    14.7993    25.6554    18.8220 7.5702e-01      1.985    1495.39     65.183     5.6393 271.503006    6.04766     13.762     2.3862  32.310324  0.000e+00
     13.665    14.8117    25.4623    18.6711 6.8376e-01      2.000    1495.21     64.890     5.6192 271.503007    6.05328     13.795     2.3862  32.099428  0.000e+00
     13.689    14.8238    25.4813    18.6833 6.3492e-01      2.000    1495.27     64.653     5.5967 271.503007    6.05106     13.820     2.3862  32.130170  0.000e+00
     13.700    14.7989    25.7012    18.8572 5.8608e-01      1.971    1495.45     64.417     5.5715 271.503008    6.04600     13.831     2.3557  32.362293  0.000e+00
     13.737    14.7660    25.8929    19.0112 5.3724e-01      1.934    1495.56     64.099     5.5412 271.503008    6.04299     13.869     2.3252  32.555817  0.000e+00
     13.749    14.7336    26.0033    19.1025 5.2503e-01      1.949    1495.58     63.781     5.5136 271.503009    6.04294     13.880     2.2946  32.656733  0.000e+00
     13.784    14.7354    25.8053    18.9499 5.0061e-01      1.949    1495.36     63.536     5.4989 271.503009    6.05006     13.916     2.2641  32.433077  0.000e+00
     13.797    14.7964    25.3817    18.6122 4.8840e-01      1.927    1495.07     63.232     5.4801 271.503010    6.05818     13.929     2.2641  31.996143  0.000e+00
     13.820    14.8431    25.1348    18.4132 4.5177e-01      1.912    1494.94     62.921     5.4562 271.503010    6.06152     13.952     2.2641  31.748588  0.000e+00
     13.861    14.8519    25.1599    18.4308 4.1514e-01      1.897    1494.99     62.669     5.4326 271.503011    6.05949     13.993     2.2641  31.783831  0.000e+00
     13.856    14.8743    24.8621    18.1976 4.8840e-01      1.883    1494.72     62.352     5.4125 271.503011    6.06775     13.988     2.2336  31.459309  0.000e+00
     13.893    14.9527    24.4542    17.8687 5.9829e-01      1.875    1494.51     62.044     5.3906 271.503012    6.07313     14.026     2.2336  31.047647  0.000e+00
     13.916    14.9343    24.9084    18.2211 7.0818e-01      1.861    1494.97     61.710     5.3487 271.503012    6.05855     14.048     2.2031  31.556071  0.000e+00
     13.940    14.8038    25.7489    18.8929 6.5934e-01      1.861    1495.52     61.347     5.3039 271.503013    6.04363     14.073     2.2031  32.420393  0.000e+00
     13.951    14.7062    26.1824    19.2456 5.6166e-01      1.853    1495.71     60.980     5.2686 271.503013    6.03971     14.084     2.2031  32.839328  0.000e+00
     13.976    14.6625    26.2905    19.3375 5.2503e-01      1.861    1495.69     60.632     5.2397 271.503014    6.04114     14.109     2.2031  32.928549  0.000e+00
     13.989    14.6362    26.3446    19.3843 6.1050e-01      1.890    1495.67     60.287     5.2110 271.503014    6.04241     14.122     2.2031  32.969644  0.000e+00
     14.016    14.6162    26.4065    19.4359 6.2271e-01      1.919    1495.67     59.936     5.1808 271.503015    6.04261     14.150     2.1725  33.024306  0.000e+00
     14.048    14.5971    26.4726    19.4906 5.6166e-01      1.956    1495.69     59.594     5.1511 271.503015    6.04253     14.183     2.1725  33.084425  0.000e+00
     14.060    14.5808    26.5284    19.5368 5.3724e-01      1.949    1495.70     59.245     5.1209 271.503016    6.04250     14.194     2.1725  33.134939  0.000e+00
     14.071    14.5682    26.5606    19.5641 5.1282e-01      1.919    1495.70     58.898     5.0912 271.503016    6.04287     14.205     2.1725  33.161654  0.000e+00
     14.095    14.5605    26.5562    19.5622 4.8840e-01      1.897    1495.67     58.555     5.0625 271.503016    6.04399     14.230     2.1725  33.150739  0.000e+00
     14.120    14.5661    26.4662    19.4919 4.1514e-01      1.868    1495.58     58.219     5.0356 271.503017    6.04664     14.255     2.1420  33.053401  0.000e+00
     14.131    14.5904    26.2475    19.3189 4.3956e-01      1.853    1495.41     57.892     5.0116 271.503017    6.05172     14.266     2.1420  32.824981  0.000e+00
     14.147    14.6311    25.9633    19.0923 4.7619e-01      1.861    1495.21     57.575     4.9888 271.503018    6.05722     14.282     2.1420  32.534036  0.000e+00
     14.180    14.6792    25.6611    18.8503 4.5177e-01      1.868    1495.02     57.266     4.9663 271.503018    6.06244     14.315     2.1420  32.227194  0.000e+00
     14.191    14.7561    25.4372    18.6630 4.1514e-01      1.868    1495.01     56.964     4.9392 271.503019    6.06115     14.327     2.1115  32.029711  0.000e+00
     14.204    14.8048    25.4346    18.6513 3.9072e-01      1.853    1495.16     56.659     4.9080 271.503019    6.05516     14.340     2.1115  32.062983  0.000e+00
     14.227    14.8140    25.5296    18.7223 4.6398e-01      1.861    1495.30     56.348     4.8773 271.503020    6.05048     14.362     2.1420  32.178155  0.000e+00
     14.240    14.7626    25.7088    18.8704 6.1050e-01      1.875    1495.35     56.023     4.8488 271.503020    6.05025     14.376     2.1420  32.343956  0.000e+00
     14.262    14.7149    25.8195    18.9649 6.2271e-01      1.883    1495.32     55.698     4.8221 271.503021    6.05209     14.398     2.1115  32.433978  0.000e+00
     14.279    14.6842    25.8998    19.0328 5.4945e-01      1.875    1495.31     55.386     4.7958 271.503021    6.05293     14.415     2.0810  32.502124  0.000e+00
     14.300    14.6513    25.9961    19.1135 4.5177e-01      1.875    1495.32     55.074     4.7692 271.503022    6.05347     14.436     2.0810  32.586560  0.000e+00
     14.322    14.6407    26.0365    19.1466 4.0293e-01      1.875    1495.33     54.779     4.7434 271.503022    6.05329     14.459     2.0504  32.624313  0.000e+00
     14.335    14.6350    26.0566    19.1631 4.1514e-01      1.875    1495.33     54.495     4.7188 271.503023    6.05325     14.472     2.0504  32.642776  0.000e+00
     14.347    14.6301    26.0689    19.1736 3.9072e-01      1.875    1495.33     54.133     4.6876 271.503023    6.05342     14.484     2.0504  32.652969  0.000e+00
     14.360    14.6324    26.0391    19.1502 3.4188e-01      1.897    1495.30     53.858     4.6644 271.503024    6.05423     14.497     2.0504  32.620957  0.000e+00
     14.398    14.6362    26.0404    19.1505 3.1746e-01      1.912    1495.32     53.586     4.6405 271.503024    6.05371     14.536     2.0504  32.625392  0.000e+00
     14.395    14.6347    26.0477    19.1564 2.9304e-01      1.912    1495.32     53.316     4.6170 271.503025    6.05362     14.533     2.0504  32.632465  0.000e+00
     14.431    14.6417    25.9646    19.0911 2.6862e-01      1.905    1495.25     53.054     4.5960 271.503025    6.05584     14.569     2.0199  32.543616  0.000e+00
     14.431    14.6583    25.8038    18.9642 2.4420e-01      1.912    1495.12     52.799     4.5769 271.503026    6.05974     14.569     2.0199  32.373784  0.000e+00
     14.466    14.6807    25.6423    18.8356 2.3199e-01      1.927    1495.00     52.480     4.5517 271.503026    6.06295     14.605     1.9894  32.207152  0.000e+00
     14.431    14.6981    25.5673    18.7745 2.4420e-01      1.934    1494.97     52.301     4.5367 271.503027    6.06356     14.569     2.0199  32.134774  0.000e+00
     14.530    14.7082    25.4871    18.7109 2.4420e-01      1.927    1494.91     52.061     4.5171 271.503027    6.06529     14.668     2.0199  32.051087  0.000e+00
     14.513    14.7439    25.3264    18.5803 2.4420e-01      1.927    1494.84     51.764     4.4925 271.503028    6.06679     14.652     2.0199  31.894536  0.000e+00
     14.526    14.7969    25.1706    18.4500 2.1978e-01      1.941    1494.84     51.545     4.4730 271.503028    6.06596     14.665     2.0199  31.755833  0.000e+00
     14.538    14.7983    25.4016    18.6272 2.0757e-01      1.956    1495.11     51.312     4.4463 271.503029    6.05720     14.676     1.9894  32.020542  0.000e+00
     14.562    14.6371    25.8845    19.0305 2.0757e-01      1.971    1495.14     51.010     4.4216 271.503029    6.05940     14.701     1.9894  32.449358  0.000e+00
     14.577    14.5612    26.0634    19.1831 2.0757e-01      1.971    1495.10     50.751     4.4011 271.503030    6.06223     14.716     1.9894  32.594658  0.000e+00
     14.586    14.4937    26.3703    19.4325 2.1978e-01      1.971    1495.24     50.494     4.3765 271.503030    6.05926     14.726     1.9894  32.889901  0.000e+00
     14.611    14.3455    26.7916    19.7861 2.3199e-01      1.971    1495.24     50.202     4.3531 271.503030    6.06215     14.750     1.9894  33.249600  0.000e+00
     14.633    14.2382    26.9665    19.9420 2.3199e-01      1.971    1495.09     49.934     4.3347 271.503031    6.06910     14.773     1.9894  33.362101  0.000e+00
     14.646    14.2303    26.8866    19.8820 2.3199e-01      1.985    1494.97     49.716     4.3186 271.503031    6.07308     14.786     1.9894  33.266700  0.000e+00
     14.672    14.2549    26.8031    19.8128 2.1978e-01      2.015    1494.96     49.512     4.3010 271.503032    6.07310     14.812     1.9894  33.192334  0.000e+00
     14.682    14.2756    26.7165    19.7422 2.0757e-01      2.022    1494.92     49.233     4.2772 271.503032    6.07373     14.822     1.9589  33.111462  0.000e+00
     14.706    14.3076    26.5943    19.6418 1.9536e-01      2.015    1494.89     49.106     4.2666 271.503033    6.07427     14.847     1.9589  32.999114  0.000e+00
     14.718    14.3659    26.4450    19.5154 1.9536e-01      2.007    1494.91     48.925     4.2497 271.503033    6.07252     14.858     1.9589  32.876209  0.000e+00
     14.742    14.4124    26.3497    19.4329 2.0757e-01      2.000    1494.95     48.667     4.2257 271.503034    6.07022     14.883     1.9589  32.804639  0.000e+00
     14.756    14.4387    26.2970    19.3871 2.1978e-01      2.000    1494.97     48.474     4.2081 271.503034    6.06889     14.897     1.9589  32.765303  0.000e+00
     14.766    14.4496    26.2911    19.3804 2.1978e-01      2.000    1495.00     48.275     4.1900 271.503035    6.06774     14.907     1.9589  32.766983  0.000e+00
     14.802    14.4506    26.3030    19.3893 2.1978e-01      2.110    1495.02     48.073     4.1721 271.503035    6.06717     14.943     1.9589  32.781153  0.000e+00
     14.802    14.4399    26.3441    19.4231 2.1978e-01      2.271    1495.03     47.866     4.1540 271.503036    6.06699     14.943     1.9894  32.819293  0.000e+00
     14.837    14.3941    26.4441    19.5091 2.1978e-01      2.271    1495.00     47.646     4.1362 271.503036    6.06901     14.979     1.9894  32.896827  0.000e+00
     14.852    14.3485    26.4546    19.5262 2.1978e-01      2.183    1494.86     47.427     4.1208 271.503037    6.07435     14.994     1.9894  32.873686  0.000e+00
     14.873    14.3747    26.3207    19.4180 2.0757e-01      2.110    1494.79     47.239     4.1057 271.503037    6.07605     15.015     1.9589  32.743280  0.000e+00
     14.897    14.4191    26.2864    19.3829 2.0757e-01      2.081    1494.90     47.061     4.0873 271.503038    6.07174     15.040     1.9589  32.738594  0.000e+00
     14.922    14.3835    26.4404    19.5084 1.9536e-01      2.066    1494.96     46.848     4.0680 271.503038    6.07047     15.064     1.9283  32.884684  0.000e+00
     14.936    14.3070    26.6054    19.6505 1.9536e-01      2.059    1494.90     46.619     4.0503 271.503039    6.07394     15.079     1.9283  33.011155  0.000e+00
     14.944    14.2500    26.7499    19.7729 1.8315e-01      2.051    1494.88     46.472     4.0387 271.503039    6.07571     15.087     1.9283  33.129129  0.000e+00
     14.980    14.1869    26.8966    19.8982 1.8315e-01      2.044    1494.85     46.186     4.0153 271.503040    6.07817     15.123     1.9283  33.244245  0.000e+00
     14.993    14.1429    26.9836    19.9739 1.7094e-01      2.029    1494.80     46.046     4.0046 271.503040    6.08047     15.136     1.8978  33.307178  0.000e+00
     14.980    14.1100    27.0469    20.0291 1.7094e-01      2.022    1494.77     45.847     3.9884 271.503041    6.08226     15.123     1.8978  33.352021  0.000e+00
     15.079    14.0927    27.0137    20.0069 1.5873e-01      2.007    1494.67     45.728     3.9803 271.503041    6.08569     15.223     1.8978  33.301687  0.000e+00
     15.064    14.1268    26.9291    19.9351 1.5873e-01      2.007    1494.69     45.567     3.9656 271.503042    6.08456     15.208     1.8673  33.233809  0.000e+00
     15.089    14.1302    26.9818    19.9750 1.5873e-01      2.022    1494.76     45.465     3.9552 271.503042    6.08215     15.233     1.8673  33.295340  0.000e+00
     15.089    14.0554    27.1396    20.1112 1.5873e-01      2.029    1494.70     45.265     3.9400 271.503043    6.08569     15.233     1.8673  33.412675  0.000e+00
     15.127    14.0075    27.1788    20.1508 1.5873e-01      2.037    1494.58     45.077     3.9265 271.503043    6.09029     15.272     1.8673  33.418729  0.000e+00
     15.148    14.0309    27.1236    20.1036 1.5873e-01      2.037    1494.60     44.992     3.9186 271.503043    6.08939     15.293     1.8673  33.375728  0.000e+00
     15.173    13.9970    27.2203    20.1848 1.5873e-01      2.044    1494.60     44.890     3.9101 271.503044    6.09005     15.318     1.8673  33.456667  0.000e+00
     15.195    13.9146    27.4092    20.3465 1.5873e-01      2.059    1494.55     44.774     3.9021 271.503044    6.09340     15.341     1.8673  33.601433  0.000e+00
     15.210    13.8336    27.5328    20.4575 1.8315e-01      2.081    1494.42     44.667     3.8962 271.503045    6.09905     15.355     1.8368  33.674093  0.000e+00
