Cruise data/ship_ctd/CP1_Oksvallflua_280923.cnv
* Sea-Bird SBE 9 Data File:
* FileName = C:\CTD Brukere\UiO Kurs\Geo2320 2023\CP1_Oksvallflua_280923.hex
* Software Version Seasave V 7.26.7.121
* Temperature SN = 5352
* Conductivity SN = 3840
* Number of Bytes Per Scan = 31
* Number of Voltage Words = 5
* Number of Scans Averaged by the Deck Unit = 1
* NMEA baud rate = 4800
** Ship: R/V Trygve Braarud
** Cruise:
** Station:
** Operator:
# nquan = 15
# nvalues = 243                                   
# units = specified
# name 0 = depSM: Depth [salt water, m], lat = 59.90
# name 1 = t090C: Temperature [ITS-90, deg C]
# name 2 = sal00: Salinity, Practical [PSU]
# name 3 = sigma-t00: Density [sigma-t, kg/m^3 ]
# name 4 = flSP: Fluorescence, Seapoint
# name 5 = seaTurbMtr: Turbidity, Seapoint [FTU]
# name 6 = svCM: Sound Velocity [Chen-Millero, m/s]
# name 7 = sbeox0PS: Oxygen, SBE 43 [% saturation]
# name 8 = sbeox0Mg/L: Oxygen, SBE 43 [mg/l]
# name 9 = timeJ: Julian Days
# name 10 = oxsatML/L: Oxygen Saturation, Weiss [ml/l]
# name 11 = prDM: Pressure, Digiquartz [db]
# name 12 = wetStar: Fluorescence, WET Labs WETstar [mg/m^3]
# name 13 = c0mS/cm: Conductivity [mS/cm]
# name 14 = flag:  0.000e+00
# span 0 =      0.518,      0.793                 
# span 1 =    15.4979,    15.5075                 
# span 2 =    17.1146,    17.1398                 
# span 3 =    12.1375,    12.1554                 
# span 4 = 3.3944e+00, 9.9145e+00                 
# span 5 =      2.491,      3.524                 
# span 6 =    1487.60,    1487.66                 
# span 7 =     78.748,     84.256                 
# span 8 =     7.0751,     7.5702                 
# span 9 = 271.334734, 271.334851                 
# span 10 =    6.27850,    6.28059                
# span 11 =      0.523,      0.801                
# span 12 =     4.3703,     4.4619                
# span 13 =  22.716589,  22.751488                
# span 14 = 0.0000e+00, 0.0000e+00                
# interval = seconds: 0.0416667
# start_time = Sep 28 2023 08:02:01 [System UTC, first data scan.]
# bad_flag = -9.990e-29
*END*
[from data line 97]
      0.615    15.5053    17.1343    12.1513 6.0562e+00      2.725    1487.64     83.574     7.5089 271.334781    6.27896      0.621     4.4619  22.744075  0.000e+00
      0.627    15.5052    17.1341    12.1512 5.6532e+00      2.696    1487.64     83.557     7.5075 271.334781    6.27899      0.633     4.4619  22.743760  0.000e+00
      0.615    15.5048    17.1343    12.1514 5.6288e+00      2.696    1487.64     83.536     7.5056 271.334782    6.27903      0.621     4.4619  22.743708  0.000e+00
      0.627    15.5045    17.1345    12.1517 6.0806e+00      2.696    1487.64     83.518     7.5040 271.334782    6.27906      0.633     4.4619  22.743865  0.000e+00
      0.625    15.5046    17.1345    12.1516 6.8010e+00      2.681    1487.64     83.502     7.5026 271.334783    6.27904      0.631     4.4619  22.743918  0.000e+00
      0.615    15.5048    17.1344    12.1515 6.9353e+00      2.667    1487.64     83.482     7.5008 271.334783    6.27902      0.621     4.4314  22.743918  0.000e+00
      0.627    15.5047    17.1342    12.1514 6.4469e+00      2.659    1487.64     83.530     7.5051 271.334783    6.27905      0.633     4.4619  22.743602  0.000e+00
      0.615    15.5046    17.1344    12.1516 5.8364e+00      2.681    1487.64     83.516     7.5039 271.334784    6.27905      0.621     4.4619  22.743813  0.000e+00
      0.625    15.5046    17.1343    12.1515 5.9585e+00      2.725    1487.64     83.499     7.5023 271.334784    6.27905      0.631     4.4314  22.743708  0.000e+00
      0.615    15.5043    17.1349    12.1519 6.8132e+00      2.762    1487.64     83.484     7.5010 271.334785    6.27907      0.621     4.4314  22.744181  0.000e+00
      0.603    15.5046    17.1350    12.1520 7.5336e+00      2.755    1487.64     83.465     7.4992 271.334785    6.27902      0.608     4.4619  22.744549  0.000e+00
      0.627    15.5047    17.1352    12.1521 7.6801e+00      2.689    1487.64     83.443     7.4972 271.334786    6.27901      0.633     4.4619  22.744759  0.000e+00
      0.640    15.5048    17.1347    12.1518 7.1306e+00      2.630    1487.64     83.496     7.5020 271.334786    6.27901      0.646     4.4314  22.744286  0.000e+00
      0.614    15.5045    17.1350    12.1520 6.2515e+00      2.608    1487.64     83.488     7.5013 271.334787    6.27904      0.620     4.4314  22.744443  0.000e+00
      0.615    15.5043    17.1352    12.1522 5.7753e+00      2.615    1487.64     83.476     7.5003 271.334787    6.27906      0.621     4.4314  22.744601  0.000e+00
      0.627    15.5043    17.1348    12.1519 5.7875e+00      2.615    1487.64     83.461     7.4989 271.334788    6.27907      0.633     4.4619  22.744128  0.000e+00
      0.603    15.5050    17.1344    12.1514 5.6410e+00      2.593    1487.64     83.450     7.4978 271.334788    6.27900      0.608     4.4314  22.743918  0.000e+00
      0.614    15.5049    17.1342    12.1514 5.1770e+00      2.557    1487.64     83.435     7.4965 271.334789    6.27903      0.620     4.4314  22.743708  0.000e+00
      0.603    15.5046    17.1344    12.1516 4.7863e+00      2.513    1487.64     83.497     7.5021 271.334789    6.27905      0.608     4.4314  22.743813  0.000e+00
      0.627    15.5046    17.1341    12.1513 4.8718e+00      2.491    1487.64     83.491     7.5016 271.334790    6.27906      0.633     4.4619  22.743445  0.000e+00
      0.603    15.5047    17.1338    12.1510 5.3114e+00      2.505    1487.64     83.481     7.5007 271.334790    6.27907      0.608     4.4314  22.743024  0.000e+00
      0.615    15.5043    17.1334    12.1509 5.8852e+00      2.564    1487.64     83.396     7.4931 271.334791    6.27913      0.621     4.4314  22.742446  0.000e+00
      0.614    15.5045    17.1331    12.1506 6.0684e+00      2.637    1487.64     83.444     7.4975 271.334791    6.27912      0.620     4.4314  22.742131  0.000e+00
      0.591    15.5040    17.1324    12.1501 5.5556e+00      2.674    1487.64     83.432     7.4965 271.334792    6.27921      0.597     4.4009  22.740974  0.000e+00
      0.603    15.5037    17.1316    12.1496 5.3968e+00      2.689    1487.64     83.417     7.4952 271.334792    6.27928      0.608     4.4314  22.739870  0.000e+00
      0.591    15.5038    17.1324    12.1502 5.2869e+00      2.703    1487.64     83.471     7.5000 271.334793    6.27924      0.597     4.4314  22.740922  0.000e+00
      0.603    15.5043    17.1326    12.1502 5.0427e+00      2.725    1487.64     83.465     7.4994 271.334793    6.27916      0.608     4.4314  22.741395  0.000e+00
      0.591    15.5048    17.1331    12.1505 5.2625e+00      2.725    1487.64     83.455     7.4984 271.334794    6.27908      0.597     4.4314  22.742236  0.000e+00
      0.591    15.5053    17.1330    12.1503 6.1661e+00      2.718    1487.64     83.443     7.4972 271.334794    6.27902      0.597     4.4314  22.742393  0.000e+00
      0.591    15.5055    17.1330    12.1503 6.7399e+00      2.755    1487.64     83.435     7.4965 271.334795    6.27899      0.597     4.4314  22.742498  0.000e+00
      0.567    15.5058    17.1327    12.1500 7.0208e+00      2.784    1487.64     83.424     7.4955 271.334795    6.27896      0.572     4.4314  22.742341  0.000e+00
      0.578    15.5061    17.1329    12.1501 6.3614e+00      2.799    1487.65     83.411     7.4942 271.334796    6.27891      0.584     4.4314  22.742761  0.000e+00
      0.567    15.5060    17.1334    12.1505 5.9829e+00      2.806    1487.64     83.402     7.4934 271.334796    6.27891      0.572     4.4314  22.743287  0.000e+00
      0.567    15.5063    17.1337    12.1507 6.1416e+00      2.784    1487.65     83.391     7.4924 271.334796    6.27885      0.572     4.4314  22.743812  0.000e+00
      0.567    15.5063    17.1344    12.1512 6.0562e+00      2.791    1487.65     83.450     7.4976 271.334797    6.27883      0.572     4.4619  22.744601  0.000e+00
      0.578    15.5063    17.1352    12.1518 5.4457e+00      2.842    1487.65     83.369     7.4903 271.334797    6.27880      0.584     4.4314  22.745652  0.000e+00
      0.544    15.5063    17.1360    12.1525 4.6886e+00      2.886    1487.65     83.430     7.4957 271.334798    6.27877      0.549     4.4619  22.746651  0.000e+00
      0.556    15.5063    17.1368    12.1531 4.5177e+00      2.864    1487.65     83.352     7.4887 271.334798    6.27874      0.561     4.4314  22.747597  0.000e+00
      0.556    15.5060    17.1377    12.1538 4.5421e+00      2.828    1487.65     83.408     7.4938 271.334799    6.27874      0.561     4.4619  22.748491  0.000e+00
      0.567    15.5061    17.1372    12.1534 4.7497e+00      2.821    1487.65     83.398     7.4928 271.334799    6.27874      0.572     4.4314  22.748018  0.000e+00
      0.554    15.5062    17.1372    12.1534 4.8596e+00      2.813    1487.65     83.384     7.4916 271.334800    6.27874      0.559     4.4619  22.747965  0.000e+00
      0.556    15.5061    17.1372    12.1534 4.8596e+00      2.813    1487.65     83.376     7.4909 271.334800    6.27875      0.561     4.4619  22.747913  0.000e+00
      0.544    15.5060    17.1367    12.1531 4.9084e+00      2.864    1487.65     83.366     7.4901 271.334801    6.27879      0.549     4.4314  22.747282  0.000e+00
      0.520    15.5063    17.1363    12.1527 5.1404e+00      2.916    1487.65     83.354     7.4889 271.334801    6.27875      0.525     4.4619  22.746966  0.000e+00
      0.518    15.5061    17.1359    12.1524 5.4457e+00      2.938    1487.65     83.347     7.4884 271.334802    6.27879      0.523     4.4619  22.746388  0.000e+00
      0.520    15.5053    17.1348    12.1517 5.5556e+00      2.879    1487.64     83.339     7.4878 271.334802    6.27895      0.525     4.4619  22.744601  0.000e+00
      0.567    15.5042    17.1342    12.1515 5.4823e+00      2.799    1487.64     83.401     7.4936 271.334803    6.27911      0.572     4.4314  22.743339  0.000e+00
      0.615    15.5033    17.1339    12.1514 5.2625e+00      2.747    1487.64     83.396     7.4933 271.334803    6.27924      0.621     4.4619  22.742446  0.000e+00
      0.591    15.5018    17.1338    12.1517 5.1282e+00      2.718    1487.63     83.389     7.4929 271.334804    6.27944      0.597     4.4009  22.741605  0.000e+00
      0.614    15.5007    17.1337    12.1517 5.0427e+00      2.696    1487.63     83.387     7.4929 271.334804    6.27959      0.620     4.3703  22.740817  0.000e+00
      0.651    15.4993    17.1308    12.1498 4.7497e+00      2.813    1487.62     83.384     7.4930 271.334805    6.27988      0.657     4.4314  22.736612  0.000e+00
      0.615    15.5001    17.1294    12.1486 4.8474e+00      2.945    1487.62     83.378     7.4924 271.334805    6.27983      0.621     4.4314  22.735350  0.000e+00
      0.627    15.5007    17.1285    12.1478 5.0305e+00      2.945    1487.62     83.371     7.4917 271.334806    6.27979      0.633     4.4619  22.734509  0.000e+00
      0.662    15.5009    17.1291    12.1482 4.8962e+00      2.864    1487.62     83.362     7.4908 271.334806    6.27973      0.669     4.4314  22.735403  0.000e+00
      0.651    15.5013    17.1301    12.1489 5.2869e+00      2.777    1487.63     83.423     7.4962 271.334807    6.27965      0.657     4.4314  22.736874  0.000e+00
      0.662    15.5013    17.1293    12.1483 5.3358e+00      2.696    1487.63     83.425     7.4964 271.334807    6.27967      0.669     4.4314  22.735928  0.000e+00
      0.675    15.5008    17.1293    12.1483 4.9451e+00      2.718    1487.62     83.425     7.4965 271.334808    6.27974      0.682     4.4314  22.735561  0.000e+00
      0.651    15.5003    17.1284    12.1478 5.0549e+00      2.967    1487.62     83.423     7.4964 271.334808    6.27985      0.657     4.4619  22.734194  0.000e+00
      0.638    15.5002    17.1283    12.1478 5.0427e+00      2.996    1487.62     83.419     7.4961 271.334809    6.27986      0.644     4.4314  22.734089  0.000e+00
      0.651    15.5001    17.1297    12.1488 4.9328e+00      2.886    1487.62     83.414     7.4956 271.334809    6.27981      0.657     4.4619  22.735771  0.000e+00
      0.662    15.4998    17.1302    12.1493 4.7619e+00      2.799    1487.62     83.407     7.4949 271.334810    6.27984      0.669     4.4619  22.736191  0.000e+00
      0.675    15.5003    17.1293    12.1485 5.2747e+00      2.755    1487.62     83.405     7.4948 271.334810    6.27980      0.682     4.4314  22.735403  0.000e+00
      0.687    15.5008    17.1285    12.1477 5.8852e+00      2.696    1487.62     83.474     7.5009 271.334810    6.27977      0.693     4.4314  22.734614  0.000e+00
      0.685    15.5021    17.1279    12.1470 5.7509e+00      2.652    1487.63     83.477     7.5010 271.334811    6.27962      0.692     4.4314  22.734614  0.000e+00
      0.662    15.5030    17.1275    12.1465 5.2015e+00      2.630    1487.63     83.405     7.4944 271.334811    6.27953      0.669     4.4314  22.734509  0.000e+00
      0.662    15.5041    17.1271    12.1461 4.2979e+00      2.652    1487.63     83.397     7.4935 271.334812    6.27939      0.669     4.4619  22.734719  0.000e+00
      0.662    15.5048    17.1273    12.1461 3.8217e+00      2.703    1487.64     83.459     7.4990 271.334812    6.27930      0.669     4.4619  22.735245  0.000e+00
      0.649    15.5053    17.1279    12.1464 3.9072e+00      2.791    1487.64     83.462     7.4992 271.334813    6.27921      0.656     4.4619  22.736243  0.000e+00
      0.675    15.5057    17.1285    12.1468 3.9683e+00      2.857    1487.64     83.464     7.4993 271.334813    6.27914      0.682     4.4619  22.737190  0.000e+00
      0.662    15.5057    17.1287    12.1470 4.7863e+00      2.886    1487.64     83.464     7.4993 271.334814    6.27913      0.669     4.4314  22.737452  0.000e+00
      0.662    15.5053    17.1288    12.1471 5.9585e+00      2.916    1487.64     83.456     7.4986 271.334814    6.27917      0.669     4.4314  22.737347  0.000e+00
      0.662    15.5055    17.1285    12.1468 6.2027e+00      2.938    1487.64     83.452     7.4983 271.334815    6.27917      0.669     4.4314  22.737032  0.000e+00
      0.674    15.5053    17.1265    12.1454 5.8608e+00      2.945    1487.64     83.448     7.4980 271.334815    6.27926      0.680     4.4314  22.734562  0.000e+00
      0.651    15.5030    17.1241    12.1440 5.6044e+00      2.960    1487.63     83.442     7.4979 271.334816    6.27966      0.657     4.4314  22.730462  0.000e+00
      0.675    15.5018    17.1230    12.1434 5.2381e+00      2.938    1487.62     83.442     7.4982 271.334816    6.27986      0.682     4.4314  22.728518  0.000e+00
      0.687    15.5024    17.1234    12.1436 5.0061e+00      2.886    1487.62     83.441     7.4979 271.334817    6.27975      0.693     4.4314  22.729359  0.000e+00
      0.698    15.5035    17.1246    12.1443 5.2381e+00      2.813    1487.63     83.511     7.5040 271.334817    6.27957      0.705     4.4314  22.731356  0.000e+00
      0.698    15.5041    17.1261    12.1453 5.8120e+00      2.755    1487.63     83.514     7.5041 271.334818    6.27943      0.705     4.4619  22.733458  0.000e+00
      0.687    15.5046    17.1266    12.1455 5.6166e+00      2.733    1487.63     83.444     7.4977 271.334818    6.27935      0.693     4.4619  22.734299  0.000e+00
      0.687    15.5047    17.1262    12.1453 5.1648e+00      2.762    1487.63     83.509     7.5036 271.334819    6.27936      0.693     4.4619  22.733931  0.000e+00
      0.687    15.5045    17.1245    12.1440 5.4823e+00      2.813    1487.63     83.508     7.5036 271.334819    6.27945      0.693     4.4314  22.731671  0.000e+00
      0.687    15.5030    17.1218    12.1422 6.1538e+00      2.857    1487.62     83.506     7.5037 271.334820    6.27975      0.693     4.4314  22.727624  0.000e+00
      0.698    15.5020    17.1193    12.1405 6.2759e+00      2.864    1487.62     83.502     7.5037 271.334820    6.27997      0.705     4.4619  22.724156  0.000e+00
      0.698    15.5016    17.1185    12.1399 6.0073e+00      2.835    1487.62     83.504     7.5039 271.334821    6.28005      0.705     4.4314  22.722895  0.000e+00
      0.698    15.5009    17.1188    12.1403 6.0440e+00      2.799    1487.61     83.497     7.5034 271.334821    6.28013      0.705     4.4619  22.722895  0.000e+00
      0.687    15.5008    17.1178    12.1396 5.9951e+00      2.777    1487.61     83.497     7.5034 271.334822    6.28018      0.693     4.4619  22.721686  0.000e+00
      0.685    15.5004    17.1160    12.1382 6.0317e+00      2.777    1487.61     83.487     7.5027 271.334822    6.28030      0.692     4.4619  22.719216  0.000e+00
      0.675    15.4991    17.1150    12.1377 5.8364e+00      2.799    1487.60     83.484     7.5027 271.334823    6.28051      0.682     4.4619  22.717325  0.000e+00
      0.687    15.4987    17.1146    12.1375 5.7509e+00      2.799    1487.60     83.479     7.5024 271.334823    6.28059      0.693     4.4619  22.716589  0.000e+00
      0.687    15.5008    17.1154    12.1377 6.2637e+00      2.791    1487.61     83.473     7.5015 271.334823    6.28028      0.693     4.4619  22.718691  0.000e+00
      0.675    15.5026    17.1168    12.1384 6.6911e+00      2.799    1487.62     83.538     7.5069 271.334824    6.27998      0.682     4.4619  22.721371  0.000e+00
      0.685    15.5018    17.1183    12.1398 6.5934e+00      2.799    1487.62     83.465     7.5004 271.334824    6.28003      0.692     4.4314  22.722842  0.000e+00
      0.687    15.5011    17.1182    12.1398 6.2882e+00      2.762    1487.61     83.455     7.4997 271.334825    6.28013      0.693     4.4314  22.722317  0.000e+00
      0.687    15.5003    17.1163    12.1386 6.0928e+00      2.755    1487.61     83.444     7.4989 271.334825    6.28031      0.693     4.4314  22.719584  0.000e+00
      0.698    15.4991    17.1157    12.1383 6.1538e+00      2.894    1487.60     83.432     7.4980 271.334826    6.28048      0.705     4.4314  22.718271  0.000e+00
