Cruise data/ship_ctd/CP1_Oksvallflua_280923_2.cnv
* Sea-Bird SBE 9 Data File:
* FileName = C:\CTD Brukere\UiO Kurs\Geo2320 2023\CP1_Oksvallflua_280923_2.hex
* Software Version Seasave V 7.26.7.121
* Temperature SN = 5352
* Conductivity SN = 3840
* Number of Bytes Per Scan = 31
* Number of Voltage Words = 5
* Number of Scans Averaged by the Deck Unit = 1
* NMEA baud rate = 4800
** Ship: R/V Trygve Braarud
** Cruise:
** Station:
** Operator:
# nquan = 15
# nvalues = 4353                                  
# units = specified
# name 0 = depSM: Depth [salt water, m], lat = 59.90
# name 1 = t090C: Temperature [ITS-90, deg C]
# name 2 = sal00: Salinity, Practical [PSU]
# name 3 = sigma-t00: Density [sigma-t, kg/m^3 ]
# name 4 = flSP: Fluorescence, Seapoint
# name 5 = seaTurbMtr: Turbidity, Seapoint [FTU]
# name 6 = svCM: Sound Velocity [Chen-Millero, m/s]
# name 7 = sbeox0PS: Oxygen, SBE 43 [% saturation]
# name 8 = sbeox0Mg/L: Oxygen, SBE 43 [mg/l]
# name 9 = timeJ: Julian Days
# name 10 = oxsatML/L: Oxygen Saturation, Weiss [ml/l]
# name 11 = prDM: Pressure, Digiquartz [db]
# name 12 = wetStar: Fluorescence, WET Labs WETstar [mg/m^3]
# name 13 = c0mS/cm: Conductivity [mS/cm]
# name 14 = flag:  0.000e+00
# span 0 =      0.591,     81.403                 
# span 1 =     8.3362,    15.8761                 
# span 2 =    16.9865,    33.1136                 
# span 3 =    12.0492,    25.7428                 
# span 4 = 7.3260e-02, 1.2308e+01                 
# span 5 =      1.663,     13.187                 
# span 6 =    1482.38,    1495.77                 
# span 7 =     23.845,     85.270                 
# span 8 =     2.2251,     7.6756                 
# span 9 = 271.342130, 271.344228                 
# span 10 =    6.03690,    6.63719                
# span 11 =      0.597,     82.194                
# span 12 =     1.2263,     4.4924                
# span 13 =  22.533883,  34.855920                
# span 14 = 0.0000e+00, 0.0000e+00                
# interval = seconds: 0.0416667
# start_time = Sep 28 2023 08:12:40 [System UTC, first data scan.]
# bad_flag = -9.990e-29
*END*
[from data line 97]
      0.651    15.4495    16.9950    12.0554 4.3712e+00      2.154    1487.30     84.657     7.6215 271.342176    6.29158      0.657     4.4314  22.545831  0.000e+00
      0.651    15.4492    16.9933    12.0541 4.5543e+00      2.073    1487.30     84.640     7.6201 271.342177    6.29169      0.657     4.4314  22.543578  0.000e+00
      0.639    15.4495    16.9941    12.0547 4.8107e+00      2.081    1487.30     84.618     7.6180 271.342177    6.29162      0.646     4.4314  22.544783  0.000e+00
      0.639    15.4497    16.9950    12.0554 4.9328e+00      2.242    1487.30     84.598     7.6161 271.342178    6.29156      0.646     4.4619  22.545884  0.000e+00
      0.651    15.4490    16.9924    12.0535 4.5055e+00      2.249    1487.30     84.645     7.6206 271.342178    6.29175      0.657     4.4619  22.542372  0.000e+00
      0.651    15.4477    16.9886    12.0508 4.5055e+00      2.139    1487.29     84.630     7.6197 271.342179    6.29207      0.657     4.4619  22.537080  0.000e+00
      0.639    15.4465    16.9868    12.0497 5.0549e+00      2.066    1487.28     84.611     7.6182 271.342179    6.29229      0.646     4.4619  22.534302  0.000e+00
      0.639    15.4455    16.9869    12.0500 5.4212e+00      2.022    1487.28     84.594     7.6168 271.342180    6.29242      0.646     4.4619  22.533883  0.000e+00
      0.651    15.4457    16.9887    12.0513 5.4212e+00      1.978    1487.28     84.644     7.6212 271.342180    6.29233      0.657     4.4619  22.536136  0.000e+00
      0.638    15.4462    16.9906    12.0527 5.7265e+00      1.941    1487.28     84.632     7.6200 271.342181    6.29219      0.644     4.4619  22.538704  0.000e+00
      0.639    15.4468    16.9907    12.0526 7.0818e+00      1.919    1487.29     84.616     7.6184 271.342181    6.29210      0.646     4.4619  22.539176  0.000e+00
      0.651    15.4470    16.9905    12.0525 8.2906e+00      1.912    1487.29     84.603     7.6172 271.342182    6.29208      0.657     4.4619  22.539123  0.000e+00
      0.639    15.4472    16.9905    12.0524 8.1441e+00      1.934    1487.29     84.585     7.6156 271.342182    6.29206      0.646     4.4619  22.539123  0.000e+00
      0.639    15.4468    16.9917    12.0534 7.4481e+00      1.985    1487.29     84.636     7.6201 271.342183    6.29206      0.646     4.4619  22.540381  0.000e+00
      0.651    15.4475    16.9949    12.0557 7.1062e+00      2.029    1487.29     84.553     7.6124 271.342183    6.29185      0.657     4.4619  22.544678  0.000e+00
      0.639    15.4490    16.9977    12.0576 6.8376e+00      2.059    1487.30     84.602     7.6165 271.342184    6.29154      0.646     4.4314  22.548819  0.000e+00
      0.639    15.4495    16.9964    12.0565 6.5201e+00      2.073    1487.30     84.590     7.6154 271.342184    6.29153      0.646     4.4314  22.547561  0.000e+00
      0.639    15.4502    16.9946    12.0550 6.5934e+00      2.066    1487.30     84.574     7.6139 271.342185    6.29151      0.646     4.4314  22.545674  0.000e+00
      0.651    15.4505    16.9933    12.0539 6.6056e+00      2.088    1487.30     84.554     7.6121 271.342185    6.29151      0.657     4.4314  22.544311  0.000e+00
      0.626    15.4502    16.9926    12.0534 6.3126e+00      2.110    1487.30     84.610     7.6172 271.342186    6.29159      0.632     4.4314  22.543211  0.000e+00
      0.639    15.4499    16.9913    12.0525 5.9707e+00      2.051    1487.30     84.525     7.6097 271.342186    6.29168      0.646     4.4314  22.541481  0.000e+00
      0.639    15.4490    16.9896    12.0514 5.1404e+00      1.978    1487.29     84.509     7.6085 271.342187    6.29185      0.646     4.4314  22.539071  0.000e+00
      0.639    15.4485    16.9880    12.0503 4.1636e+00      1.927    1487.29     84.561     7.6134 271.342187    6.29198      0.646     4.4619  22.536870  0.000e+00
      0.638    15.4482    16.9865    12.0492 3.4921e+00      1.941    1487.29     84.546     7.6121 271.342188    6.29208      0.644     4.4619  22.534826  0.000e+00
      0.628    15.4482    16.9866    12.0493 3.5043e+00      1.971    1487.29     84.534     7.6110 271.342188    6.29208      0.634     4.4314  22.534983  0.000e+00
      0.639    15.4483    16.9881    12.0503 4.6154e+00      1.978    1487.29     84.518     7.6095 271.342188    6.29200      0.646     4.4619  22.536817  0.000e+00
      0.628    15.4488    16.9894    12.0512 6.9719e+00      2.037    1487.29     84.500     7.6077 271.342189    6.29189      0.634     4.4619  22.538651  0.000e+00
      0.639    15.4492    16.9913    12.0526 7.7656e+00      2.147    1487.30     84.557     7.6127 271.342189    6.29177      0.646     4.4619  22.541167  0.000e+00
      0.638    15.4495    16.9936    12.0544 6.7521e+00      2.183    1487.30     84.547     7.6116 271.342190    6.29164      0.644     4.4619  22.544154  0.000e+00
      0.628    15.4497    16.9965    12.0565 5.4335e+00      2.154    1487.30     84.533     7.6102 271.342190    6.29150      0.634     4.4314  22.547770  0.000e+00
      0.639    15.4500    16.9971    12.0569 4.9451e+00      2.132    1487.30     84.524     7.6093 271.342191    6.29143      0.646     4.4314  22.548609  0.000e+00
      0.628    15.4499    16.9968    12.0567 4.7741e+00      2.117    1487.30     84.511     7.6082 271.342191    6.29147      0.634     4.4314  22.548137  0.000e+00
      0.639    15.4499    16.9965    12.0565 4.4200e+00      2.073    1487.30     84.496     7.6068 271.342192    6.29148      0.646     4.4314  22.547823  0.000e+00
      0.638    15.4499    16.9968    12.0567 4.4444e+00      2.015    1487.30     84.485     7.6058 271.342192    6.29147      0.644     4.4314  22.548190  0.000e+00
      0.639    15.4504    16.9978    12.0574 4.4078e+00      1.993    1487.31     84.471     7.6045 271.342193    6.29137      0.646     4.4314  22.549605  0.000e+00
      0.639    15.4504    16.9979    12.0575 4.4078e+00      1.978    1487.31     84.527     7.6095 271.342193    6.29136      0.646     4.4314  22.549814  0.000e+00
      0.639    15.4500    16.9996    12.0588 5.3358e+00      1.985    1487.31     84.522     7.6090 271.342194    6.29134      0.646     4.4314  22.551701  0.000e+00
      0.638    15.4522    17.0093    12.0658 5.4823e+00      2.015    1487.33     84.443     7.6011 271.342194    6.29068      0.644     4.4314  22.564544  0.000e+00
      0.651    15.4576    17.0181    12.0715 4.8474e+00      2.044    1487.35     84.497     7.6048 271.342195    6.28964      0.657     4.4314  22.578018  0.000e+00
      0.651    15.4579    17.0174    12.0709 4.4567e+00      2.029    1487.35     84.485     7.6036 271.342195    6.28963      0.657     4.4314  22.577336  0.000e+00
      0.639    15.4561    17.0149    12.0694 4.1392e+00      1.993    1487.35     84.549     7.6098 271.342196    6.28996      0.646     4.4619  22.573351  0.000e+00
      0.651    15.4556    17.0135    12.0684 4.0659e+00      1.963    1487.34     84.546     7.6097 271.342196    6.29008      0.657     4.4314  22.571411  0.000e+00
      0.662    15.4541    17.0111    12.0669 4.2735e+00      1.971    1487.33     84.469     7.6031 271.342197    6.29037      0.668     4.4619  22.567794  0.000e+00
      0.639    15.4529    17.0081    12.0648 4.7131e+00      1.993    1487.33     84.532     7.6091 271.342197    6.29064      0.646     4.4314  22.563443  0.000e+00
      0.664    15.4524    17.0076    12.0645 5.2991e+00      2.000    1487.32     84.530     7.6090 271.342198    6.29073      0.670     4.4009  22.562552  0.000e+00
      0.651    15.4525    17.0064    12.0635 5.5678e+00      2.007    1487.32     84.524     7.6085 271.342198    6.29075      0.657     4.4009  22.561189  0.000e+00
      0.651    15.4527    17.0025    12.0605 5.4945e+00      2.066    1487.32     84.444     7.6015 271.342199    6.29087      0.657     4.4009  22.556628  0.000e+00
      0.662    15.4517    17.0002    12.0589 5.1648e+00      2.125    1487.31     84.499     7.6067 271.342199    6.29110      0.668     4.4009  22.553221  0.000e+00
      0.664    15.4512    16.9993    12.0584 4.6886e+00      2.168    1487.31     84.494     7.6063 271.342200    6.29120      0.670     4.4314  22.551963  0.000e+00
      0.651    15.4512    16.9991    12.0582 4.2979e+00      2.205    1487.31     84.559     7.6122 271.342200    6.29120      0.657     4.4314  22.551701  0.000e+00
      0.664    15.4514    17.0009    12.0596 4.6032e+00      2.176    1487.31     84.485     7.6054 271.342201    6.29111      0.670     4.4314  22.554007  0.000e+00
      0.651    15.4541    17.0075    12.0641 5.3602e+00      2.110    1487.33     84.473     7.6036 271.342201    6.29051      0.657     4.4314  22.563390  0.000e+00
      0.651    15.4572    17.0148    12.0691 5.7509e+00      2.081    1487.35     84.459     7.6015 271.342201    6.28982      0.657     4.4314  22.573823  0.000e+00
      0.664    15.4572    17.0180    12.0715 6.2149e+00      2.110    1487.35     84.451     7.6007 271.342202    6.28969      0.670     4.4619  22.577703  0.000e+00
      0.651    15.4562    17.0191    12.0725 6.4469e+00      2.110    1487.35     84.513     7.6063 271.342202    6.28978      0.657     4.4314  22.578542  0.000e+00
      0.651    15.4556    17.0227    12.0754 5.9829e+00      2.059    1487.35     84.580     7.6123 271.342203    6.28973      0.657     4.4314  22.582580  0.000e+00
      0.662    15.4561    17.0298    12.0808 5.7875e+00      2.015    1487.36     84.508     7.6054 271.342203    6.28939      0.668     4.4314  22.591443  0.000e+00
      0.639    15.4578    17.0293    12.0801 6.1172e+00      1.993    1487.37     84.506     7.6050 271.342204    6.28919      0.646     4.4314  22.591705  0.000e+00
      0.651    15.4580    17.0212    12.0738 6.7277e+00      2.015    1487.36     84.502     7.6050 271.342204    6.28946      0.657     4.4009  22.582055  0.000e+00
      0.651    15.4562    17.0130    12.0679 6.6789e+00      2.051    1487.34     84.569     7.6117 271.342205    6.29001      0.657     4.4009  22.571149  0.000e+00
      0.651    15.4545    17.0096    12.0656 6.2271e+00      2.095    1487.33     84.497     7.6056 271.342205    6.29036      0.657     4.4314  22.566169  0.000e+00
      0.651    15.4534    17.0070    12.0638 5.9463e+00      2.161    1487.33     84.487     7.6050 271.342206    6.29062      0.657     4.4314  22.562394  0.000e+00
      0.651    15.4524    17.0030    12.0610 6.1416e+00      2.183    1487.32     84.556     7.6115 271.342206    6.29090      0.657     4.4314  22.556995  0.000e+00
      0.651    15.4517    17.0014    12.0599 6.3858e+00      2.168    1487.32     84.478     7.6047 271.342207    6.29105      0.657     4.4619  22.554689  0.000e+00
      0.651    15.4515    16.9995    12.0584 6.0317e+00      2.110    1487.31     84.543     7.6107 271.342207    6.29115      0.657     4.4314  22.552278  0.000e+00
      0.651    15.4508    16.9987    12.0580 5.5311e+00      2.037    1487.31     84.469     7.6042 271.342208    6.29127      0.657     4.4314  22.550967  0.000e+00
      0.651    15.4508    17.0010    12.0597 5.2503e+00      2.007    1487.31     84.530     7.6096 271.342208    6.29118      0.657     4.4314  22.553745  0.000e+00
      0.651    15.4510    17.0055    12.0631 5.1893e+00      2.007    1487.32     84.525     7.6089 271.342209    6.29098      0.657     4.4314  22.559302  0.000e+00
      0.651    15.4517    17.0068    12.0640 5.3236e+00      2.022    1487.32     84.526     7.6088 271.342209    6.29084      0.657     4.4314  22.561294  0.000e+00
      0.651    15.4519    17.0050    12.0626 5.5189e+00      2.044    1487.32     84.517     7.6080 271.342210    6.29089      0.657     4.4314  22.559197  0.000e+00
      0.651    15.4522    17.0011    12.0596 6.2515e+00      2.015    1487.32     84.507     7.6072 271.342210    6.29099      0.657     4.4314  22.554689  0.000e+00
      0.651    15.4517    16.9984    12.0576 7.5092e+00      2.007    1487.31     84.502     7.6070 271.342211    6.29117      0.657     4.4619  22.551072  0.000e+00
      0.651    15.4514    16.9961    12.0559 8.2906e+00      2.000    1487.31     84.496     7.6066 271.342211    6.29130      0.657     4.4619  22.548137  0.000e+00
      0.651    15.4508    16.9943    12.0546 8.0952e+00      2.015    1487.30     84.488     7.6061 271.342212    6.29144      0.657     4.4619  22.545621  0.000e+00
      0.651    15.4505    16.9924    12.0532 7.4847e+00      2.037    1487.30     84.479     7.6054 271.342212    6.29155      0.657     4.4619  22.543211  0.000e+00
      0.638    15.4500    16.9901    12.0515 6.9475e+00      2.066    1487.30     84.540     7.6111 271.342213    6.29170      0.644     4.4314  22.540119  0.000e+00
      0.651    15.4487    16.9871    12.0495 6.8010e+00      2.051    1487.29     84.543     7.6117 271.342213    6.29199      0.657     4.4314  22.535874  0.000e+00
      0.651    15.4470    16.9868    12.0496 7.2161e+00      2.015    1487.28     84.544     7.6121 271.342214    6.29222      0.657     4.4314  22.534617  0.000e+00
      0.639    15.4468    16.9901    12.0522 7.8510e+00      1.985    1487.29     84.543     7.6119 271.342214    6.29212      0.646     4.4314  22.538494  0.000e+00
      0.651    15.4473    16.9944    12.0554 8.1197e+00      1.963    1487.29     84.541     7.6114 271.342215    6.29189      0.657     4.4314  22.543945  0.000e+00
      0.628    15.4482    16.9981    12.0580 7.8388e+00      1.985    1487.30     84.465     7.6043 271.342215    6.29164      0.634     4.4619  22.548871  0.000e+00
      0.651    15.4502    17.0085    12.0656 7.1673e+00      2.110    1487.32     84.525     7.6089 271.342215    6.29098      0.657     4.4619  22.562604  0.000e+00
      0.639    15.4539    17.0222    12.0754 6.3370e+00      2.256    1487.35     84.519     7.6071 271.342216    6.28997      0.646     4.4619  22.581059  0.000e+00
      0.651    15.4566    17.0315    12.0820 5.6044e+00      2.278    1487.37     84.511     7.6055 271.342216    6.28926      0.657     4.4619  22.593803  0.000e+00
      0.651    15.4579    17.0334    12.0832 5.3602e+00      2.205    1487.37     84.509     7.6050 271.342217    6.28901      0.657     4.4619  22.596792  0.000e+00
      0.639    15.4584    17.0279    12.0789 6.0562e+00      2.117    1487.37     84.506     7.6049 271.342217    6.28915      0.646     4.4619  22.590393  0.000e+00
      0.651    15.4581    17.0204    12.0732 6.6545e+00      2.066    1487.36     84.494     7.6043 271.342218    6.28949      0.657     4.4314  22.581059  0.000e+00
      0.639    15.4581    17.0188    12.0720 6.3858e+00      2.037    1487.36     84.488     7.6038 271.342218    6.28955      0.646     4.4314  22.579171  0.000e+00
      0.639    15.4578    17.0185    12.0718 5.9341e+00      2.015    1487.35     84.481     7.6032 271.342219    6.28960      0.646     4.4314  22.578647  0.000e+00
      0.651    15.4567    17.0148    12.0691 5.9096e+00      1.971    1487.35     84.481     7.6035 271.342219    6.28988      0.657     4.4314  22.573561  0.000e+00
      0.651    15.4554    17.0119    12.0672 6.1294e+00      1.971    1487.34     84.479     7.6038 271.342220    6.29017      0.657     4.4314  22.569419  0.000e+00
      0.639    15.4552    17.0154    12.0699 5.5556e+00      2.095    1487.34     84.469     7.6027 271.342220    6.29005      0.646     4.4314  22.573561  0.000e+00
      0.651    15.4583    17.0274    12.0785 5.1526e+00      2.249    1487.37     84.465     7.6013 271.342221    6.28920      0.657     4.4314  22.589659  0.000e+00
      0.651    15.4614    17.0376    12.0857 5.0061e+00      2.256    1487.39     84.532     7.6064 271.342221    6.28839      0.657     4.4314  22.603716  0.000e+00
      0.651    15.4626    17.0379    12.0857 5.1038e+00      2.176    1487.39     84.462     7.5999 271.342222    6.28822      0.657     4.4619  22.604660  0.000e+00
