Cruise data/ship_ctd/CP1_Oksvallflua_280923_tokt2.cnv
* Sea-Bird SBE 9 Data File:
* FileName = C:\CTD Brukere\UiO Kurs\Geo2320 2023\CP1_Oksvallflua_280923_tokt2.hex
* Software Version Seasave V 7.26.7.121
* Temperature SN = 5352
* Conductivity SN = 3840
* Number of Bytes Per Scan = 31
* Number of Voltage Words = 5
* Number of Scans Averaged by the Deck Unit = 1
* NMEA baud rate = 4800
** Ship: R/V Trygve Braarud
** Cruise:
** Station:
** Operator:
# nquan = 15
# nvalues = 3845                                  
# units = specified
# name 0 = depSM: Depth [salt water, m], lat = 59.90
# name 1 = t090C: Temperature [ITS-90, deg C]
# name 2 = sal00: Salinity, Practical [PSU]
# name 3 = sigma-t00: Density [sigma-t, kg/m^3 ]
# name 4 = flSP: Fluorescence, Seapoint
# name 5 = seaTurbMtr: Turbidity, Seapoint [FTU]
# name 6 = svCM: Sound Velocity [Chen-Millero, m/s]
# name 7 = sbeox0PS: Oxygen, SBE 43 [% saturation]
# name 8 = sbeox0Mg/L: Oxygen, SBE 43 [mg/l]
# name 9 = timeJ: Julian Days
# name 10 = oxsatML/L: Oxygen Saturation, Weiss [ml/l]
# name 11 = prDM: Pressure, Digiquartz [db]
# name 12 = wetStar: Fluorescence, WET Labs WETstar [mg/m^3]
# name 13 = c0mS/cm: Conductivity [mS/cm]
# name 14 = flag:  0.000e+00
# span 0 =      0.588,     81.014                 
# span 1 =     8.3385,    15.7636                 
# span 2 =    16.9110,    33.1091                 
# span 3 =    11.9607,    25.7390                 
# span 4 = 7.3260e-02, 1.2454e+01                 
# span 5 =      1.663,      2.755                 
# span 6 =    1482.44,    1495.71                 
# span 7 =     23.218,     87.070                 
# span 8 =     2.1799,     7.8145                 
# span 9 = 271.502627, 271.504481                 
# span 10 =    6.03971,    6.63760                
# span 11 =      0.594,     81.801                
# span 12 =     1.2263,     4.4314                
# span 13 =  22.526326,  34.783981                
# span 14 = 0.0000e+00, 0.0000e+00                
# interval = seconds: 0.0416667
# start_time = Sep 28 2023 12:03:47 [System UTC, first data scan.]
# bad_flag = -9.990e-29
*END*
[from data line 1928]
     39.947     8.7568    32.5520    25.2391 9.7680e-02      2.117    1482.95     24.216     2.2816 271.503557    6.59793     40.331     1.4705  34.605508  0.000e+00
     39.971     8.7549    32.5550    25.2418 9.7680e-02      2.029    1482.95     24.218     2.2819 271.503558    6.59809     40.355     1.4705  34.606673  0.000e+00
     39.988     8.7530    32.5574    25.2440 9.7680e-02      2.007    1482.94     24.209     2.2811 271.503558    6.59827     40.372     1.4705  34.607348  0.000e+00
     40.043     8.7510    32.5606    25.2468 9.7680e-02      1.971    1482.94     24.134     2.2740 271.503559    6.59843     40.428     1.4705  34.608697  0.000e+00
     40.067     8.7494    32.5632    25.2491 9.7680e-02      1.949    1482.94     24.114     2.2722 271.503559    6.59856     40.452     1.4705  34.609801  0.000e+00
     40.080     8.7480    32.5663    25.2517 9.7680e-02      1.956    1482.94     24.093     2.2703 271.503560    6.59864     40.465     1.5010  34.611518  0.000e+00
     40.119     8.7455    32.5710    25.2557 9.7680e-02      1.963    1482.94     24.158     2.2765 271.503560    6.59881     40.505     1.5010  34.613849  0.000e+00
     40.152     8.7419    32.5759    25.2602 9.7680e-02      1.956    1482.93     24.082     2.2694 271.503560    6.59914     40.537     1.5010  34.615382  0.000e+00
     40.176     8.7380    32.5808    25.2646 9.7680e-02      1.927    1482.92     24.147     2.2756 271.503561    6.59952     40.562     1.5010  34.616609  0.000e+00
     40.200     8.7357    32.5847    25.2680 9.7680e-02      1.897    1482.92     24.070     2.2685 271.503561    6.59969     40.587     1.5010  34.618326  0.000e+00
     40.236     8.7317    32.5925    25.2747 9.7680e-02      1.890    1482.91     24.059     2.2675 271.503562    6.59996     40.623     1.4705  34.622313  0.000e+00
     40.264     8.7209    32.6099    25.2899 9.7680e-02      1.897    1482.89     24.124     2.2739 271.503562    6.60083     40.651     1.4705  34.629428  0.000e+00
     40.283     8.7097    32.6257    25.3041 9.7680e-02      1.905    1482.87     24.047     2.2670 271.503563    6.60185     40.670     1.4705  34.634642  0.000e+00
     40.320     8.7016    32.6367    25.3139 9.7680e-02      1.897    1482.86     24.035     2.2662 271.503563    6.60259     40.708     1.5010  34.638078  0.000e+00
     40.356     8.6962    32.6440    25.3205 9.7680e-02      1.883    1482.84     24.024     2.2652 271.503564    6.60309     40.744     1.4705  34.640287  0.000e+00
     40.371     8.6920    32.6495    25.3254 8.5470e-02      1.883    1482.84     24.012     2.2643 271.503564    6.60348     40.759     1.4705  34.641882  0.000e+00
     40.403     8.6886    32.6545    25.3298 9.7680e-02      1.927    1482.83     24.001     2.2633 271.503565    6.60377     40.792     1.4705  34.643661  0.000e+00
     40.439     8.6860    32.6577    25.3327 9.7680e-02      2.066    1482.82     23.989     2.2622 271.503565    6.60403     40.828     1.4705  34.644398  0.000e+00
     40.452     8.6845    32.6591    25.3341 9.7680e-02      2.161    1482.82     23.977     2.2612 271.503566    6.60418     40.841     1.4399  34.644521  0.000e+00
     40.488     8.6831    32.6611    25.3359 9.7680e-02      2.132    1482.82     23.965     2.2601 271.503566    6.60431     40.877     1.4399  34.645196  0.000e+00
     40.515     8.6821    32.6625    25.3371 9.7680e-02      2.051    1482.82     23.964     2.2600 271.503567    6.60440     40.905     1.4705  34.645625  0.000e+00
     40.536     8.6813    32.6636    25.3381 9.7680e-02      2.015    1482.82     23.953     2.2590 271.503567    6.60447     40.926     1.4705  34.645993  0.000e+00
     40.572     8.6802    32.6651    25.3395 9.7680e-02      1.985    1482.81     23.952     2.2589 271.503568    6.60457     40.962     1.4399  34.646546  0.000e+00
     40.596     8.6789    32.6668    25.3409 9.7680e-02      1.956    1482.81     23.941     2.2580 271.503568    6.60470     40.987     1.4705  34.646914  0.000e+00
     40.619     8.6773    32.6678    25.3419 9.7680e-02      1.956    1482.81     23.930     2.2570 271.503569    6.60490     41.010     1.4705  34.646485  0.000e+00
     40.635     8.6754    32.6692    25.3434 9.7680e-02      1.963    1482.80     23.919     2.2560 271.503569    6.60512     41.026     1.4705  34.646178  0.000e+00
     40.668     8.6736    32.6708    25.3449 9.7680e-02      1.971    1482.80     23.919     2.2561 271.503570    6.60533     41.059     1.4705  34.646117  0.000e+00
     40.704     8.6717    32.6730    25.3469 9.7680e-02      1.949    1482.79     23.919     2.2562 271.503570    6.60552     41.095     1.4705  34.646547  0.000e+00
     40.717     8.6707    32.6742    25.3480 9.7680e-02      1.934    1482.79     23.920     2.2562 271.503571    6.60560     41.108     1.4705  34.646915  0.000e+00
     40.752     8.6695    32.6754    25.3491 9.7680e-02      1.919    1482.79     23.921     2.2564 271.503571    6.60574     41.144     1.4705  34.646977  0.000e+00
     40.769     8.6687    32.6765    25.3501 9.7680e-02      1.905    1482.79     23.922     2.2565 271.503572    6.60582     41.160     1.4705  34.647222  0.000e+00
     40.777     8.6667    32.6791    25.3524 9.7680e-02      1.905    1482.79     23.924     2.2568 271.503572    6.60600     41.169     1.4705  34.648020  0.000e+00
     40.824     8.6653    32.6801    25.3534 9.7680e-02      1.912    1482.78     23.926     2.2570 271.503573    6.60617     41.216     1.4399  34.647714  0.000e+00
     40.837     8.6638    32.6818    25.3550 9.7680e-02      1.956    1482.78     23.929     2.2573 271.503573    6.60632     41.229     1.4399  34.648082  0.000e+00
     40.859     8.6629    32.6831    25.3561 9.7680e-02      1.963    1482.78     23.932     2.2577 271.503573    6.60641     41.252     1.4399  34.648450  0.000e+00
     40.872     8.6619    32.6843    25.3573 9.7680e-02      1.941    1482.77     23.925     2.2570 271.503574    6.60650     41.265     1.4705  34.648818  0.000e+00
     40.911     8.6617    32.6831    25.3563 9.7680e-02      1.912    1482.77     23.928     2.2574 271.503574    6.60658     41.305     1.4705  34.647469  0.000e+00
     40.920     8.6652    32.6755    25.3498 9.7680e-02      1.912    1482.78     23.932     2.2577 271.503575    6.60639     41.313     1.4705  34.643236  0.000e+00
     40.955     8.6805    32.6515    25.3287 9.7680e-02      1.949    1482.81     23.936     2.2576 271.503575    6.60510     41.349     1.4705  34.633973  0.000e+00
     40.980     8.6955    32.6340    25.3127 9.7680e-02      1.963    1482.84     23.940     2.2575 271.503576    6.60361     41.373     1.4705  34.630415  0.000e+00
     40.980     8.6964    32.6368    25.3148 9.7680e-02      1.949    1482.85     23.945     2.2579 271.503576    6.60336     41.373     1.4705  34.633849  0.000e+00
     41.015     8.6912    32.6456    25.3225 9.7680e-02      1.934    1482.84     23.940     2.2576 271.503577    6.60376     41.410     1.4705  34.637714  0.000e+00
     41.045     8.6886    32.6464    25.3235 9.7680e-02      1.919    1482.83     23.946     2.2582 271.503577    6.60412     41.439     1.4399  34.636181  0.000e+00
     41.064     8.6960    32.6326    25.3115 9.7680e-02      1.919    1482.84     23.952     2.2586 271.503578    6.60360     41.459     1.4399  34.629495  0.000e+00
     41.075     8.7074    32.6155    25.2965 9.7680e-02      1.919    1482.86     23.958     2.2588 271.503578    6.60262     41.470     1.4399  34.623300  0.000e+00
     41.100     8.7219    32.5988    25.2811 9.7680e-02      1.905    1482.90     23.964     2.2589 271.503579    6.60116     41.495     1.4399  34.620048  0.000e+00
     41.135     8.7311    32.5892    25.2722 9.7680e-02      1.890    1482.92     23.960     2.2583 271.503579    6.60019     41.531     1.4399  34.619005  0.000e+00
     41.135     8.7320    32.5923    25.2745 9.7680e-02      1.890    1482.93     23.967     2.2588 271.503580    6.59992     41.531     1.4705  34.622807  0.000e+00
     41.160     8.7216    32.6144    25.2934 9.7680e-02      1.883    1482.92     23.975     2.2598 271.503580    6.60054     41.555     1.4399  34.634767  0.000e+00
     41.189     8.6978    32.6474    25.3229 9.7680e-02      1.883    1482.87     23.985     2.2614 271.503581    6.60270     41.585     1.4399  34.645319  0.000e+00
     41.196     8.6847    32.6626    25.3367 9.7680e-02      1.905    1482.84     24.069     2.2698 271.503581    6.60401     41.592     1.4705  34.648326  0.000e+00
     41.233     8.6743    32.6729    25.3464 9.7680e-02      1.912    1482.81     24.089     2.2720 271.503582    6.60514     41.629     1.4705  34.648941  0.000e+00
     41.244     8.6661    32.6812    25.3542 9.7680e-02      1.927    1482.79     24.097     2.2731 271.503582    6.60601     41.641     1.4399  34.649678  0.000e+00
     41.256     8.6593    32.6891    25.3614 9.7680e-02      1.927    1482.78     24.105     2.2741 271.503583    6.60668     41.652     1.4399  34.651274  0.000e+00
     41.280     8.6547    32.6941    25.3660 9.7680e-02      1.905    1482.77     24.113     2.2750 271.503583    6.60717     41.677     1.4399  34.651949  0.000e+00
     41.293     8.6532    32.6952    25.3671 9.7680e-02      1.905    1482.76     24.130     2.2767 271.503584    6.60734     41.690     1.4094  34.651704  0.000e+00
     41.321     8.6550    32.6927    25.3649 9.7680e-02      1.941    1482.77     24.137     2.2773 271.503584    6.60717     41.718     1.4399  34.650968  0.000e+00
     41.340     8.6560    32.6891    25.3619 9.7680e-02      1.963    1482.77     24.154     2.2789 271.503585    6.60717     41.737     1.4399  34.648391  0.000e+00
     41.353     8.6611    32.6802    25.3541 9.7680e-02      1.963    1482.77     24.236     2.2865 271.503585    6.60680     41.751     1.4399  34.644342  0.000e+00
     41.376     8.6707    32.6657    25.3413 9.7680e-02      1.978    1482.79     24.176     2.2805 271.503586    6.60597     41.773     1.4399  34.639005  0.000e+00
     41.389     8.6811    32.6514    25.3285 9.7680e-02      1.978    1482.81     24.191     2.2817 271.503586    6.60502     41.787     1.4399  34.634527  0.000e+00
     41.413     8.6905    32.6404    25.3185 9.7680e-02      1.963    1482.84     24.272     2.2889 271.503587    6.60408     41.811     1.4094  34.632379  0.000e+00
     41.424     8.6955    32.6354    25.3139 8.5470e-02      1.941    1482.85     24.286     2.2901 271.503587    6.60355     41.823     1.4399  34.632011  0.000e+00
     41.449     8.6969    32.6320    25.3109 9.7680e-02      1.949    1482.85     24.300     2.2914 271.503587    6.60349     41.847     1.4399  34.629864  0.000e+00
     41.460     8.7105    32.6103    25.2919 9.7680e-02      1.956    1482.87     24.312     2.2921 271.503588    6.60238     41.859     1.4399  34.621154  0.000e+00
     41.489     8.7322    32.5808    25.2655 9.7680e-02      1.963    1482.92     24.322     2.2925 271.503588    6.60038     41.888     1.4399  34.612138  0.000e+00
     41.509     8.7465    32.5637    25.2499 8.5470e-02      1.956    1482.95     24.333     2.2930 271.503589    6.59897     41.908     1.4399  34.608396  0.000e+00
     41.509     8.7537    32.5556    25.2424 9.7680e-02      1.963    1482.97     24.418     2.3008 271.503589    6.59824     41.908     1.4399  34.606924  0.000e+00
     41.545     8.7562    32.5557    25.2422 9.7680e-02      1.985    1482.98     24.437     2.3025 271.503590    6.59787     41.944     1.4399  34.609192  0.000e+00
     41.556     8.7509    32.5649    25.2502 9.7680e-02      2.000    1482.97     24.456     2.3043 271.503590    6.59827     41.955     1.4399  34.613362  0.000e+00
     41.569     8.7436    32.5752    25.2593 9.7680e-02      2.022    1482.96     24.473     2.3061 271.503591    6.59892     41.969     1.4399  34.616797  0.000e+00
     41.592     8.7406    32.5813    25.2646 1.0989e-01      2.015    1482.95     24.488     2.3077 271.503591    6.59911     41.992     1.4399  34.619986  0.000e+00
     41.605     8.7289    32.6069    25.2864 1.2210e-01      2.000    1482.94     24.503     2.3093 271.503592    6.59977     42.005     1.4399  34.634154  0.000e+00
     41.629     8.6880    32.6667    25.3395 1.0989e-01      1.971    1482.86     24.594     2.3191 271.503592    6.60335     42.029     1.4094  34.655320  0.000e+00
     41.640     8.6534    32.7106    25.3791 1.0989e-01      1.941    1482.79     24.617     2.3224 271.503593    6.60666     42.041     1.4094  34.666674  0.000e+00
     41.657     8.6380    32.7282    25.3953 1.0989e-01      1.934    1482.75     24.638     2.3249 271.503593    6.60822     42.057     1.4094  34.669928  0.000e+00
     41.676     8.6296    32.7370    25.4035 1.0989e-01      1.919    1482.73     24.656     2.3269 271.503594    6.60909     42.077     1.4094  34.670972  0.000e+00
     41.701     8.6215    32.7453    25.4111 1.0989e-01      1.905    1482.71     24.673     2.3288 271.503594    6.60996     42.101     1.4399  34.671648  0.000e+00
     41.712     8.6163    32.7508    25.4163 1.0989e-01      1.897    1482.70     24.688     2.3304 271.503595    6.61050     42.113     1.4094  34.672385  0.000e+00
     41.736     8.6145    32.7523    25.4177 9.7680e-02      1.905    1482.70     24.701     2.3317 271.503595    6.61071     42.137     1.4094  34.672201  0.000e+00
     41.761     8.6126    32.7552    25.4202 9.7680e-02      1.905    1482.69     24.788     2.3400 271.503596    6.61087     42.162     1.4094  34.673244  0.000e+00
     41.761     8.6107    32.7575    25.4224 9.7680e-02      1.912    1482.69     24.808     2.3419 271.503596    6.61106     42.162     1.4399  34.673797  0.000e+00
     41.796     8.6097    32.7589    25.4236 9.7680e-02      1.905    1482.69     24.825     2.3435 271.503597    6.61115     42.198     1.4399  34.674226  0.000e+00
     41.809     8.6084    32.7602    25.4248 9.7680e-02      1.905    1482.68     24.840     2.3450 271.503597    6.61128     42.211     1.4399  34.674349  0.000e+00
     41.845     8.6072    32.7613    25.4259 9.7680e-02      1.905    1482.68     24.929     2.3534 271.503598    6.61141     42.247     1.4094  34.674411  0.000e+00
     41.845     8.6060    32.7629    25.4273 8.5470e-02      1.897    1482.68     24.949     2.3554 271.503598    6.61153     42.247     1.4094  34.674840  0.000e+00
     41.881     8.6050    32.7639    25.4283 9.7680e-02      1.897    1482.68     24.968     2.3572 271.503599    6.61164     42.283     1.4094  34.674963  0.000e+00
     41.897     8.6035    32.7654    25.4297 9.7680e-02      1.890    1482.67     24.983     2.3587 271.503599    6.61180     42.300     1.4094  34.675025  0.000e+00
     41.905     8.6018    32.7672    25.4313 1.0989e-01      1.897    1482.67     24.996     2.3600 271.503600    6.61198     42.308     1.4399  34.675209  0.000e+00
     41.941     8.6006    32.7688    25.4328 1.0989e-01      1.919    1482.67     25.082     2.3682 271.503600    6.61210     42.344     1.4094  34.675700  0.000e+00
     41.952     8.5997    32.7700    25.4339 1.0989e-01      1.949    1482.67     25.100     2.3699 271.503601    6.61218     42.356     1.4094  34.676069  0.000e+00
     41.977     8.5989    32.7707    25.4345 9.7680e-02      1.956    1482.66     25.115     2.3713 271.503601    6.61227     42.380     1.4094  34.676008  0.000e+00
     42.001     8.5980    32.7714    25.4352 9.7680e-02      1.941    1482.66     25.126     2.3724 271.503601    6.61237     42.405     1.4094  34.675885  0.000e+00
     42.012     8.5974    32.7716    25.4354 9.7680e-02      1.934    1482.66     25.211     2.3804 271.503602    6.61244     42.416     1.4094  34.675640  0.000e+00
     42.037     8.5969    32.7724    25.4361 9.7680e-02      1.912    1482.66     25.226     2.3819 271.503602    6.61249     42.441     1.4094  34.675885  0.000e+00
     42.050     8.5968    32.7722    25.4360 9.7680e-02      1.890    1482.66     25.238     2.3831 271.503603    6.61252     42.454     1.4094  34.675640  0.000e+00
