Cruise data/ship_ctd/R2_280923_tokt2.cnv
* Sea-Bird SBE 9 Data File:
* FileName = C:\CTD Brukere\UiO Kurs\Geo2320 2023\R2_280923_tokt2.hex
* Software Version Seasave V 7.26.7.121
* Temperature SN = 5352
* Conductivity SN = 3840
* Number of Bytes Per Scan = 31
* Number of Voltage Words = 5
* Number of Scans Averaged by the Deck Unit = 1
* NMEA baud rate = 4800
** Ship: R/V Trygve Braarud
** Cruise:
** Station:
** Operator:
# nquan = 15
# nvalues = 2339                                  
# units = specified
# name 0 = depSM: Depth [salt water, m], lat = 59.90
# name 1 = t090C: Temperature [ITS-90, deg C]
# name 2 = sal00: Salinity, Practical [PSU]
# name 3 = sigma-t00: Density [sigma-t, kg/m^3 ]
# name 4 = flSP: Fluorescence, Seapoint
# name 5 = seaTurbMtr: Turbidity, Seapoint [FTU]
# name 6 = svCM: Sound Velocity [Chen-Millero, m/s]
# name 7 = sbeox0PS: Oxygen, SBE 43 [% saturation]
# name 8 = sbeox0Mg/L: Oxygen, SBE 43 [mg/l]
# name 9 = timeJ: Julian Days
# name 10 = oxsatML/L: Oxygen Saturation, Weiss [ml/l]
# name 11 = prDM: Pressure, Digiquartz [db]
# name 12 = wetStar: Fluorescence, WET Labs WETstar [mg/m^3]
# name 13 = c0mS/cm: Conductivity [mS/cm]
# name 14 = flag:  0.000e+00
# span 0 =      0.737,     48.981                 
# span 1 =     8.4643,    15.6187                 
# span 2 =    14.4568,    32.9471                 
# span 3 =    10.1070,    25.5930                 
# span 4 = 8.5470e-02, 1.0110e+01                 
# span 5 =      1.795,      3.817                 
# span 6 =    1482.49,    1495.35                 
# span 7 =     23.889,     85.062                 
# span 8 =     2.2341,     7.7707                 
# span 9 = 271.532095, 271.533222                 
# span 10 =    6.05546,    6.62498                
# span 11 =      0.744,     49.452                
# span 12 =     1.3178,     5.4692                
# span 13 =  19.457440,  34.808907                
# span 14 = 0.0000e+00, 0.0000e+00                
# interval = seconds: 0.0416667
# start_time = Sep 28 2023 12:46:13 [System UTC, first data scan.]
# bad_flag = -9.990e-29
*END*
[from data line 482]
      8.006    15.5912    17.3806    12.3232 4.2979e+00      2.630    1488.33     83.654     7.4916 271.532327    6.25840      8.082     3.9735  23.090252  0.000e+00
      8.009    15.5904    17.4056    12.3425 4.5543e+00      2.440    1488.36     83.594     7.4852 271.532328    6.25755      8.085     3.9735  23.120168  0.000e+00
      8.041    15.5877    17.4358    12.3662 4.4811e+00      2.308    1488.39     83.594     7.4842 271.532328    6.25675      8.118     3.9430  23.155439  0.000e+00
      8.058    15.5840    17.4575    12.3834 4.5543e+00      2.286    1488.40     83.667     7.4904 271.532329    6.25640      8.134     3.9430  23.179775  0.000e+00
      8.077    15.5812    17.4750    12.3974 4.6642e+00      2.271    1488.41     83.605     7.4845 271.532329    6.25609      8.154     3.9430  23.199515  0.000e+00
      8.101    15.5801    17.4957    12.4134 4.4444e+00      2.234    1488.43     83.610     7.4841 271.532330    6.25544      8.178     3.9430  23.224079  0.000e+00
      8.105    15.5795    17.5132    12.4269 4.2491e+00      2.271    1488.45     83.617     7.4840 271.532330    6.25485      8.182     3.9430  23.244944  0.000e+00
      8.148    15.5779    17.5287    12.4391 4.2613e+00      2.337    1488.46     83.618     7.4836 271.532331    6.25448      8.226     3.9430  23.262849  0.000e+00
      8.153    15.5755    17.5460    12.4528 4.1148e+00      2.286    1488.47     83.620     7.4834 271.532331    6.25412      8.231     3.9430  23.282666  0.000e+00
      8.185    15.5730    17.5592    12.4634 4.0049e+00      2.183    1488.48     83.624     7.4835 271.532332    6.25394      8.263     3.9125  23.297295  0.000e+00
      8.202    15.5711    17.5667    12.4695 3.9194e+00      2.132    1488.48     83.629     7.4839 271.532332    6.25390      8.280     3.9125  23.305352  0.000e+00
      8.208    15.5706    17.5742    12.4753 3.7851e+00      2.081    1488.49     83.556     7.4772 271.532333    6.25367      8.286     3.9430  23.314206  0.000e+00
      8.249    15.5703    17.5881    12.4860 3.6630e+00      2.044    1488.51     83.558     7.4767 271.532333    6.25319      8.327     3.9125  23.330857  0.000e+00
      8.257    15.5694    17.6117    12.5042 3.5165e+00      2.029    1488.53     83.625     7.4818 271.532334    6.25240      8.335     3.9125  23.359023  0.000e+00
      8.260    15.5681    17.6397    12.5259 3.6142e+00      2.029    1488.56     83.557     7.4746 271.532334    6.25151      8.339     3.9125  23.392191  0.000e+00
      8.317    15.5656    17.6567    12.5394 3.7729e+00      2.059    1488.57     83.563     7.4747 271.532335    6.25118      8.396     3.8819  23.411516  0.000e+00
      8.317    15.5643    17.6582    12.5408 3.7241e+00      2.161    1488.57     83.562     7.4748 271.532335    6.25129      8.396     3.8819  23.412631  0.000e+00
      8.344    15.5639    17.6537    12.5375 3.6386e+00      2.249    1488.56     83.564     7.4752 271.532336    6.25151      8.424     3.9125  23.407003  0.000e+00
      8.364    15.5639    17.6535    12.5373 3.5653e+00      2.315    1488.56     83.567     7.4755 271.532336    6.25152      8.443     3.9125  23.406684  0.000e+00
      8.380    15.5637    17.6605    12.5427 3.3944e+00      2.330    1488.57     83.564     7.4749 271.532337    6.25128      8.460     3.8819  23.415074  0.000e+00
      8.399    15.5629    17.6723    12.5519 3.5165e+00      2.234    1488.58     83.577     7.4757 271.532337    6.25093      8.479     3.8819  23.428987  0.000e+00
      8.428    15.5625    17.6822    12.5595 3.6752e+00      2.110    1488.59     83.584     7.4760 271.532337    6.25061      8.509     3.8819  23.440726  0.000e+00
      8.435    15.5618    17.7020    12.5748 3.6874e+00      2.015    1488.61     83.506     7.4682 271.532338    6.24995      8.515     3.8819  23.464262  0.000e+00
      8.459    15.5592    17.7364    12.6016 3.5897e+00      2.022    1488.65     83.502     7.4666 271.532338    6.24897      8.540     3.8819  23.504553  0.000e+00
      8.475    15.5548    17.7871    12.6412 3.4921e+00      2.015    1488.69     83.498     7.4647 271.532339    6.24760      8.556     3.8819  23.563545  0.000e+00
      8.508    15.5488    17.8512    12.6914 3.5043e+00      1.971    1488.74     83.504     7.4632 271.532339    6.24593      8.589     3.8819  23.637823  0.000e+00
      8.511    15.5452    17.9029    12.7317 3.4799e+00      1.934    1488.79     83.505     7.4614 271.532340    6.24444      8.592     3.8819  23.698371  0.000e+00
      8.543    15.5433    17.9343    12.7561 3.4554e+00      1.919    1488.82     83.514     7.4611 271.532340    6.24348      8.625     3.8819  23.735387  0.000e+00
      8.568    15.5407    17.9539    12.7716 3.4432e+00      1.941    1488.84     83.438     7.4539 271.532341    6.24307      8.649     3.8819  23.757639  0.000e+00
      8.584    15.5380    17.9595    12.7764 3.4188e+00      1.949    1488.83     83.428     7.4531 271.532341    6.24321      8.666     3.8819  23.762923  0.000e+00
      8.590    15.5369    17.9440    12.7648 3.4799e+00      1.978    1488.81     83.427     7.4539 271.532342    6.24394      8.672     3.8819  23.743605  0.000e+00
      8.619    15.5375    17.9194    12.7459 3.5043e+00      1.993    1488.79     83.421     7.4544 271.532342    6.24480      8.702     3.8819  23.714211  0.000e+00
      8.639    15.5376    17.8964    12.7282 3.5897e+00      2.051    1488.76     83.424     7.4556 271.532343    6.24566      8.721     3.8514  23.686482  0.000e+00
      8.666    15.5381    17.8801    12.7156 3.7485e+00      2.066    1488.74     83.420     7.4560 271.532343    6.24622      8.749     3.8819  23.666972  0.000e+00
      8.686    15.5388    17.8667    12.7052 3.6874e+00      2.059    1488.73     83.419     7.4564 271.532344    6.24664      8.769     3.8514  23.651198  0.000e+00
      8.699    15.5393    17.8477    12.6906 3.6996e+00      2.066    1488.71     83.347     7.4507 271.532344    6.24730      8.782     3.8819  23.628502  0.000e+00
      8.726    15.5405    17.8320    12.6784 3.5531e+00      2.037    1488.70     83.341     7.4508 271.532345    6.24774      8.809     3.8819  23.610234  0.000e+00
      8.746    15.5418    17.8187    12.6679 3.4310e+00      1.993    1488.69     83.337     7.4508 271.532345    6.24808      8.829     3.8514  23.594792  0.000e+00
      8.751    15.5437    17.7917    12.6469 3.3822e+00      1.963    1488.66     83.263     7.4452 271.532346    6.24887      8.834     3.8514  23.563121  0.000e+00
      8.794    15.5452    17.7595    12.6220 3.3455e+00      1.934    1488.63     83.256     7.4458 271.532346    6.24990      8.878     3.8514  23.525082  0.000e+00
      8.806    15.5465    17.7336    12.6019 3.3822e+00      1.905    1488.61     83.251     7.4463 271.532347    6.25072      8.890     3.8514  23.494400  0.000e+00
      8.822    15.5477    17.7150    12.5875 3.4188e+00      1.905    1488.59     83.241     7.4460 271.532347    6.25127      8.906     3.8819  23.472607  0.000e+00
      8.854    15.5490    17.7121    12.5850 3.4554e+00      1.912    1488.59     83.160     7.4388 271.532348    6.25121      8.939     3.8514  23.469791  0.000e+00
      8.866    15.5484    17.7423    12.6082 3.4799e+00      1.905    1488.62     83.147     7.4363 271.532348    6.25014      8.950     3.8514  23.505991  0.000e+00
      8.895    15.5479    17.7873    12.6427 3.4432e+00      1.912    1488.67     83.135     7.4333 271.532349    6.24849      8.979     3.8514  23.560141  0.000e+00
      8.914    15.5450    17.8398    12.6834 3.4066e+00      1.912    1488.73     83.053     7.4240 271.532349    6.24686      8.999     3.8514  23.622110  0.000e+00
      8.930    15.5417    17.8832    12.7173 3.2723e+00      1.890    1488.76     83.039     7.4213 271.532350    6.24564      9.015     3.8514  23.672782  0.000e+00
      8.937    15.5397    17.9098    12.7381 3.2601e+00      1.868    1488.79     83.027     7.4193 271.532350    6.24489      9.022     3.8209  23.703865  0.000e+00
      8.972    15.5380    17.9405    12.7618 3.3578e+00      1.853    1488.82     83.017     7.4173 271.532351    6.24394      9.058     3.8209  23.739977  0.000e+00
      8.990    15.5368    17.9627    12.7791 3.3333e+00      1.839    1488.84     82.938     7.4094 271.532351    6.24324      9.076     3.8209  23.766180  0.000e+00
      9.021    15.5356    17.9752    12.7889 3.2601e+00      1.832    1488.85     82.847     7.4009 271.532351    6.24291      9.107     3.8209  23.780700  0.000e+00
      9.032    15.5356    17.9842    12.7958 3.2479e+00      1.824    1488.86     82.823     7.3983 271.532352    6.24258      9.118     3.8209  23.791592  0.000e+00
      9.050    15.5353    18.0011    12.8087 3.3455e+00      1.824    1488.88     82.810     7.3964 271.532352    6.24198      9.136     3.8209  23.811778  0.000e+00
      9.081    15.5336    18.0210    12.8243 3.5165e+00      1.824    1488.90     82.720     7.3877 271.532353    6.24143      9.167     3.8209  23.834910  0.000e+00
      9.097    15.5316    18.0377    12.8375 3.6386e+00      1.846    1488.91     82.697     7.3853 271.532353    6.24106      9.184     3.7904  23.853987  0.000e+00
      9.117    15.5303    18.0507    12.8477 3.8095e+00      1.861    1488.92     82.678     7.3832 271.532354    6.24073      9.203     3.7904  23.868953  0.000e+00
      9.141    15.5294    18.0580    12.8534 3.7607e+00      1.853    1488.93     82.590     7.3751 271.532354    6.24057      9.228     3.7904  23.877240  0.000e+00
      9.157    15.5296    18.0616    12.8561 3.5409e+00      1.832    1488.93     82.569     7.3731 271.532355    6.24040      9.244     3.7598  23.881731  0.000e+00
      9.176    15.5294    18.0618    12.8563 3.3944e+00      1.817    1488.93     82.480     7.3652 271.532355    6.24042      9.264     3.7904  23.881891  0.000e+00
      9.188    15.5296    18.0404    12.8399 3.3578e+00      1.795    1488.91     82.460     7.3643 271.532356    6.24121      9.275     3.7904  23.856125  0.000e+00
      9.217    15.5317    17.9830    12.7956 3.4799e+00      1.795    1488.85     82.363     7.3579 271.532356    6.24313      9.305     3.7904  23.787962  0.000e+00
      9.236    15.5358    17.9229    12.7488 3.4554e+00      1.795    1488.80     82.335     7.3575 271.532357    6.24489      9.324     3.7904  23.717572  0.000e+00
      9.259    15.5385    17.9025    12.7327 3.3089e+00      1.832    1488.78     82.319     7.3565 271.532357    6.24532      9.347     3.7904  23.694428  0.000e+00
      9.277    15.5400    17.9039    12.7335 3.1624e+00      1.868    1488.79     82.226     7.3479 271.532358    6.24507      9.365     3.7598  23.696987  0.000e+00
      9.296    15.5410    17.9062    12.7351 3.1258e+00      1.897    1488.79     82.130     7.3391 271.532358    6.24485      9.385     3.7598  23.700346  0.000e+00
      9.319    15.5410    17.9034    12.7329 3.1380e+00      1.919    1488.79     82.103     7.3368 271.532359    6.24496      9.408     3.7598  23.696987  0.000e+00
      9.348    15.5418    17.8799    12.7147 3.1380e+00      1.912    1488.77     82.081     7.3358 271.532359    6.24575      9.437     3.7293  23.668946  0.000e+00
      9.368    15.5427    17.8471    12.6895 3.1013e+00      1.883    1488.73     81.990     7.3290 271.532360    6.24688      9.457     3.7293  23.629782  0.000e+00
      9.379    15.5437    17.8272    12.6741 3.0891e+00      1.875    1488.71     81.969     7.3279 271.532360    6.24752      9.468     3.6988  23.606241  0.000e+00
      9.397    15.5449    17.8207    12.6689 3.0525e+00      1.890    1488.71     81.881     7.3201 271.532361    6.24761      9.486     3.6988  23.599053  0.000e+00
      9.427    15.5455    17.8172    12.6661 3.0403e+00      1.883    1488.71     81.862     7.3184 271.532361    6.24766      9.517     3.6683  23.595219  0.000e+00
      9.439    15.5462    17.8196    12.6678 3.1380e+00      1.890    1488.71     81.768     7.3098 271.532362    6.24748      9.529     3.6377  23.598467  0.000e+00
      9.468    15.5465    17.8189    12.6672 3.1258e+00      1.905    1488.72     81.744     7.3077 271.532362    6.24746      9.558     3.6072  23.597775  0.000e+00
      9.487    15.5466    17.8120    12.6619 2.9304e+00      1.927    1488.71     81.725     7.3063 271.532363    6.24772      9.578     3.6072  23.589469  0.000e+00
      9.499    15.5465    17.8021    12.6544 2.7350e+00      1.919    1488.70     81.638     7.2990 271.532363    6.24810      9.589     3.6072  23.577545  0.000e+00
      9.528    15.5460    17.7937    12.6480 2.6618e+00      1.897    1488.69     81.622     7.2979 271.532364    6.24849      9.619     3.6072  23.567114  0.000e+00
      9.547    15.5468    17.7852    12.6414 2.7228e+00      1.861    1488.68     81.538     7.2907 271.532364    6.24871      9.638     3.5767  23.557269  0.000e+00
      9.570    15.5472    17.7770    12.6350 2.7473e+00      1.832    1488.67     81.518     7.2892 271.532364    6.24897      9.661     3.5767  23.547585  0.000e+00
      9.576    15.5472    17.7750    12.6335 2.8327e+00      1.832    1488.67     81.430     7.2814 271.532365    6.24905      9.668     3.5767  23.545084  0.000e+00
      9.619    15.5469    17.7794    12.6369 3.0525e+00      1.883    1488.67     81.413     7.2797 271.532365    6.24892      9.710     3.5767  23.550299  0.000e+00
      9.630    15.5468    17.7956    12.6493 3.1013e+00      1.934    1488.69     81.400     7.2780 271.532366    6.24831      9.722     3.6072  23.569775  0.000e+00
      9.654    15.5466    17.8297    12.6754 3.0037e+00      1.934    1488.73     81.322     7.2695 271.532366    6.24705      9.746     3.5767  23.610928  0.000e+00
      9.672    15.5457    17.8565    12.6961 2.8327e+00      1.927    1488.76     81.242     7.2613 271.532367    6.24614      9.764     3.5767  23.642834  0.000e+00
      9.690    15.5454    17.8737    12.7094 2.8694e+00      1.934    1488.78     81.233     7.2597 271.532367    6.24552      9.782     3.5767  23.663563  0.000e+00
      9.725    15.5452    17.9137    12.7400 2.9670e+00      1.912    1488.82     81.222     7.2570 271.532368    6.24402      9.818     3.5767  23.711813  0.000e+00
      9.732    15.5450    17.9743    12.7863 2.8694e+00      1.905    1488.89     81.145     7.2475 271.532368    6.24174      9.825     3.5767  23.784918  0.000e+00
      9.761    15.5450    18.0592    12.8513 2.7717e+00      1.905    1488.99     81.139     7.2432 271.532369    6.23851      9.854     3.5462  23.887506  0.000e+00
      9.774    15.5449    18.1395    12.9128 2.6984e+00      1.890    1489.08     81.059     7.2325 271.532369    6.23547      9.867     3.5462  23.984410  0.000e+00
      9.803    15.5448    18.1807    12.9443 2.6496e+00      1.883    1489.13     81.050     7.2299 271.532370    6.23391      9.897     3.5462  24.034120  0.000e+00
      9.834    15.5407    18.2743    13.0168 2.5519e+00      1.912    1489.23     80.975     7.2197 271.532370    6.23089      9.928     3.5156  24.144757  0.000e+00
      9.845    15.5338    18.4229    13.1318 2.3810e+00      1.941    1489.38     80.971     7.2138 271.532371    6.22612      9.939     3.5156  24.320060  0.000e+00
      9.857    15.5290    18.5480    13.2284 2.2222e+00      1.956    1489.50     80.894     7.2021 271.532371    6.22199      9.951     3.4851  24.467978  0.000e+00
      9.899    15.5270    18.6490    13.3061 2.2589e+00      1.934    1489.61     80.888     7.1974 271.532372    6.21841      9.993     3.4851  24.588441  0.000e+00
      9.905    15.5244    18.7871    13.4124 2.4420e+00      1.927    1489.76     80.816     7.1854 271.532372    6.21351     10.000     3.4546  24.753065  0.000e+00
      9.941    15.5208    18.9319    13.5238 2.5763e+00      1.941    1489.92     80.808     7.1789 271.532373    6.20849     10.036     3.4241  24.924916  0.000e+00
      9.952    15.5172    19.0815    13.6391 2.5519e+00      1.978    1490.08     80.807     7.1727 271.532373    6.20329     10.047     3.4241  25.102467  0.000e+00
