Cruise data/ship_ctd/R2_280923_tokt2.cnv
* Sea-Bird SBE 9 Data File:
* FileName = C:\CTD Brukere\UiO Kurs\Geo2320 2023\R2_280923_tokt2.hex
* Software Version Seasave V 7.26.7.121
* Temperature SN = 5352
* Conductivity SN = 3840
* Number of Bytes Per Scan = 31
* Number of Voltage Words = 5
* Number of Scans Averaged by the Deck Unit = 1
* NMEA baud rate = 4800
** Ship: R/V Trygve Braarud
** Cruise:
** Station:
** Operator:
# nquan = 15
# nvalues = 2339                                  
# units = specified
# name 0 = depSM: Depth [salt water, m], lat = 59.90
# name 1 = t090C: Temperature [ITS-90, deg C]
# name 2 = sal00: Salinity, Practical [PSU]
# name 3 = sigma-t00: Density [sigma-t, kg/m^3 ]
# name 4 = flSP: Fluorescence, Seapoint
# name 5 = seaTurbMtr: Turbidity, Seapoint [FTU]
# name 6 = svCM: Sound Velocity [Chen-Millero, m/s]
# name 7 = sbeox0PS: Oxygen, SBE 43 [% saturation]
# name 8 = sbeox0Mg/L: Oxygen, SBE 43 [mg/l]
# name 9 = timeJ: Julian Days
# name 10 = oxsatML/L: Oxygen Saturation, Weiss [ml/l]
# name 11 = prDM: Pressure, Digiquartz [db]
# name 12 = wetStar: Fluorescence, WET Labs WETstar [mg/m^3]
# name 13 = c0mS/cm: Conductivity [mS/cm]
# name 14 = flag:  0.000e+00
# span 0 =      0.737,     48.981                 
# span 1 =     8.4643,    15.6187                 
# span 2 =    14.4568,    32.9471                 
# span 3 =    10.1070,    25.5930                 
# span 4 = 8.5470e-02, 1.0110e+01                 
# span 5 =      1.795,      3.817                 
# span 6 =    1482.49,    1495.35                 
# span 7 =     23.889,     85.062                 
# span 8 =     2.2341,     7.7707                 
# span 9 = 271.532095, 271.533222                 
# span 10 =    6.05546,    6.62498                
# span 11 =      0.744,     49.452                
# span 12 =     1.3178,     5.4692                
# span 13 =  19.457440,  34.808907                
# span 14 = 0.0000e+00, 0.0000e+00                
# interval = seconds: 0.0416667
# start_time = Sep 28 2023 12:46:13 [System UTC, first data scan.]
# bad_flag = -9.990e-29
*END*
[from data line 1639]
     33.522     9.7499    31.5025    24.2628 1.0989e-01      1.927    1485.22     26.684     2.4762 271.532885    6.49606     33.843     1.7452  34.448250  0.000e+00
     33.535     9.7342    31.5162    24.2761 9.7680e-02      1.949    1485.18     26.694     2.4777 271.532886    6.49776     33.856     1.7452  34.448252  0.000e+00
     33.570     9.7376    31.5138    24.2736 9.7680e-02      1.956    1485.19     26.700     2.4782 271.532886    6.49737     33.892     1.7452  34.448802  0.000e+00
     33.595     9.7424    31.5108    24.2705 9.7680e-02      1.949    1485.21     26.638     2.4723 271.532887    6.49680     33.917     1.7147  34.450026  0.000e+00
     33.595     9.7572    31.5031    24.2622 9.7680e-02      1.941    1485.25     26.649     2.4725 271.532887    6.49497     33.917     1.7452  34.455288  0.000e+00
     33.630     9.8201    31.4560    24.2152 9.7680e-02      1.941    1485.42     26.657     2.4707 271.532888    6.48784     33.953     1.7147  34.462994  0.000e+00
     33.655     9.8882    31.3970    24.1581 9.7680e-02      1.941    1485.60     26.672     2.4693 271.532888    6.48047     33.977     1.7147  34.463292  0.000e+00
     33.666     9.8366    31.4350    24.1962 9.7680e-02      1.941    1485.46     26.616     2.4663 271.532889    6.48634     33.989     1.7147  34.456442  0.000e+00
     33.702     9.7435    31.5102    24.2699 9.7680e-02      1.927    1485.21     26.621     2.4706 271.532889    6.49666     34.025     1.7147  34.450455  0.000e+00
     33.702     9.6774    31.5651    24.3234 9.7680e-02      1.905    1485.04     26.633     2.4744 271.532890    6.50395     34.025     1.6841  34.447463  0.000e+00
     33.737     9.6474    31.5908    24.3482 9.7680e-02      1.912    1484.96     26.642     2.4765 271.532890    6.50723     34.061     1.7147  34.446854  0.000e+00
     33.762     9.6486    31.5910    24.3482 9.7680e-02      1.949    1484.96     26.583     2.4710 271.532891    6.50704     34.086     1.7147  34.448140  0.000e+00
     33.786     9.6428    31.5958    24.3528 9.7680e-02      1.978    1484.95     26.596     2.4724 271.532891    6.50769     34.110     1.7452  34.447834  0.000e+00
     33.797     9.6307    31.6059    24.3627 9.7680e-02      2.000    1484.92     26.605     2.4737 271.532892    6.50903     34.122     1.7452  34.447285  0.000e+00
     33.835     9.6251    31.6104    24.3671 9.7680e-02      2.000    1484.90     26.545     2.4683 271.532892    6.50966     34.159     1.7452  34.446796  0.000e+00
     33.846     9.6286    31.6075    24.3643 1.0989e-01      1.978    1484.91     26.557     2.4693 271.532893    6.50926     34.171     1.7452  34.447102  0.000e+00
     33.870     9.6356    31.6013    24.3583 9.7680e-02      1.956    1484.93     26.565     2.4698 271.532893    6.50851     34.195     1.7147  34.447040  0.000e+00
     33.882     9.6322    31.6037    24.3607 9.7680e-02      1.949    1484.92     26.579     2.4713 271.532894    6.50891     34.207     1.7147  34.446428  0.000e+00
     33.930     9.6221    31.6121    24.3689 9.7680e-02      1.993    1484.90     26.599     2.4736 271.532894    6.51001     34.256     1.7147  34.446062  0.000e+00
     33.930     9.6173    31.6171    24.3735 9.7680e-02      2.022    1484.88     26.616     2.4752 271.532894    6.51051     34.256     1.7452  34.446736  0.000e+00
     33.953     9.6055    31.6283    24.3842 9.7680e-02      2.015    1484.86     26.562     2.4708 271.532895    6.51176     34.279     1.7147  34.447533  0.000e+00
     33.990     9.6123    31.6238    24.3796 9.7680e-02      2.000    1484.88     26.581     2.4722 271.532895    6.51096     34.317     1.7147  34.449062  0.000e+00
     33.990     9.6499    31.5914    24.3483 9.7680e-02      1.978    1484.97     26.596     2.4720 271.532896    6.50684     34.317     1.7147  34.449670  0.000e+00
     34.013     9.6537    31.5879    24.3449 9.7680e-02      1.956    1484.98     26.605     2.4728 271.532896    6.50644     34.340     1.7147  34.449548  0.000e+00
     34.051     9.6231    31.6142    24.3703 9.7680e-02      1.971    1484.90     26.545     2.4684 271.532897    6.50979     34.377     1.7452  34.448939  0.000e+00
     34.073     9.5908    31.6418    24.3971 9.7680e-02      1.993    1484.82     26.556     2.4708 271.532897    6.51333     34.400     1.7147  34.448147  0.000e+00
     34.073     9.5722    31.6574    24.4122 1.0989e-01      1.985    1484.77     26.573     2.4731 271.532898    6.51538     34.400     1.7147  34.447415  0.000e+00
     34.122     9.5612    31.6668    24.4214 1.0989e-01      1.963    1484.74     26.510     2.4677 271.532898    6.51659     34.449     1.7147  34.447171  0.000e+00
     34.146     9.5536    31.6727    24.4271 1.0989e-01      1.949    1484.72     26.518     2.4688 271.532899    6.51745     34.474     1.6841  34.446315  0.000e+00
     34.146     9.5627    31.6654    24.4200 9.7680e-02      1.934    1484.75     26.532     2.4697 271.532899    6.51644     34.474     1.7147  34.446988  0.000e+00
     34.182     9.5914    31.6415    24.3968 1.0989e-01      1.919    1484.82     26.542     2.4694 271.532900    6.51325     34.510     1.7147  34.448453  0.000e+00
     34.182     9.6283    31.6096    24.3659 1.0989e-01      1.905    1484.92     26.557     2.4693 271.532900    6.50922     34.510     1.7452  34.449000  0.000e+00
     34.229     9.6407    31.5994    24.3560 9.7680e-02      1.912    1484.95     26.502     2.4637 271.532901    6.50784     34.557     1.7147  34.449795  0.000e+00
     34.242     9.6098    31.6279    24.3832 9.7680e-02      1.941    1484.88     26.507     2.4654 271.532901    6.51114     34.571     1.7147  34.451022  0.000e+00
     34.266     9.5712    31.6624    24.4163 9.7680e-02      2.007    1484.78     26.518     2.4680 271.532902    6.51532     34.595     1.7147  34.451516  0.000e+00
     34.291     9.5393    31.6912    24.4439 9.7680e-02      2.066    1484.70     26.534     2.4708 271.532902    6.51877     34.620     1.7147  34.452132  0.000e+00
     34.302     9.5146    31.7134    24.4652 9.7680e-02      2.103    1484.63     26.546     2.4728 271.532903    6.52144     34.631     1.7147  34.452502  0.000e+00
     34.338     9.4920    31.7337    24.4846 9.7680e-02      2.073    1484.57     26.487     2.4682 271.532903    6.52389     34.667     1.7147  34.452811  0.000e+00
     34.373     9.4744    31.7492    24.4995 9.7680e-02      2.022    1484.53     26.499     2.4701 271.532904    6.52580     34.703     1.7147  34.452813  0.000e+00
     34.373     9.4615    31.7600    24.5100 9.7680e-02      1.985    1484.50     26.506     2.4712 271.532904    6.52724     34.703     1.7147  34.452202  0.000e+00
     34.373     9.4573    31.7633    24.5133 1.2210e-01      1.963    1484.48     26.518     2.4725 271.532905    6.52771     34.703     1.6841  34.451774  0.000e+00
     34.446     9.4648    31.7566    24.5068 1.0989e-01      1.941    1484.50     26.460     2.4668 271.532905    6.52690     34.777     1.6841  34.451712  0.000e+00
     34.458     9.4839    31.7393    24.4903 1.0989e-01      1.934    1484.55     26.462     2.4662 271.532906    6.52484     34.788     1.7147  34.451343  0.000e+00
     34.458     9.5008    31.7233    24.4751 9.7680e-02      1.934    1484.60     26.469     2.4662 271.532906    6.52304     34.788     1.7147  34.450362  0.000e+00
     34.482     9.4955    31.7278    24.4794 1.0989e-01      1.963    1484.58     26.481     2.4676 271.532907    6.52362     34.813     1.7147  34.450118  0.000e+00
     34.505     9.4870    31.7349    24.4864 9.7680e-02      1.993    1484.56     26.487     2.4685 271.532907    6.52457     34.836     1.7147  34.449751  0.000e+00
     34.531     9.4851    31.7364    24.4878 9.7680e-02      1.993    1484.56     26.423     2.4627 271.532908    6.52479     34.862     1.7147  34.449507  0.000e+00
     34.542     9.4783    31.7414    24.4928 9.7680e-02      1.993    1484.54     26.430     2.4635 271.532908    6.52557     34.874     1.7147  34.448590  0.000e+00
     34.578     9.4641    31.7534    24.5044 9.7680e-02      1.978    1484.50     26.430     2.4642 271.532908    6.52713     34.910     1.7147  34.448041  0.000e+00
     34.578     9.4549    31.7604    24.5113 9.7680e-02      1.956    1484.47     26.436     2.4651 271.532909    6.52819     34.910     1.7452  34.446879  0.000e+00
     34.614     9.4463    31.7673    24.5181 9.7680e-02      1.956    1484.45     26.446     2.4664 271.532909    6.52916     34.946     1.7147  34.446207  0.000e+00
     34.627     9.4480    31.7669    24.5175 9.7680e-02      1.949    1484.46     26.460     2.4676 271.532910    6.52893     34.959     1.7452  34.447247  0.000e+00
     34.649     9.4790    31.7411    24.4924 9.7680e-02      1.941    1484.54     26.394     2.4601 271.532910    6.52547     34.982     1.7452  34.448957  0.000e+00
     34.685     9.5196    31.7063    24.4588 9.7680e-02      1.941    1484.65     26.397     2.4588 271.532911    6.52100     35.018     1.7452  34.450116  0.000e+00
     34.709     9.5437    31.6861    24.4392 9.7680e-02      1.956    1484.71     26.405     2.4585 271.532911    6.51833     35.042     1.7147  34.451154  0.000e+00
     34.734     9.5542    31.6782    24.4313 9.7680e-02      1.971    1484.74     26.342     2.4523 271.532912    6.51713     35.067     1.7147  34.452499  0.000e+00
     34.747     9.5749    31.6619    24.4153 9.7680e-02      1.993    1484.80     26.339     2.4511 271.532912    6.51480     35.080     1.7147  34.454455  0.000e+00
     34.782     9.6275    31.6178    24.3725 1.3431e-01      2.000    1484.94     26.341     2.4491 271.532913    6.50900     35.116     1.7147  34.456653  0.000e+00
     34.782     9.6863    31.5689    24.3249 1.7094e-01      1.993    1485.09     26.347     2.4473 271.532913    6.50250     35.116     1.7147  34.459340  0.000e+00
     34.805     9.7533    31.5128    24.2703 1.4652e-01      1.978    1485.27     26.357     2.4456 271.532914    6.49514     35.139     1.6841  34.461903  0.000e+00
     34.829     9.8063    31.4689    24.2275 1.2210e-01      1.985    1485.41     26.362     2.4439 271.532914    6.48930     35.164     1.6841  34.464346  0.000e+00
     34.865     9.8400    31.4416    24.2008 1.2210e-01      1.993    1485.50     26.296     2.4364 271.532915    6.48557     35.200     1.6841  34.466424  0.000e+00
     34.889     9.7651    31.5065    24.2635 1.0989e-01      2.000    1485.31     26.300     2.4397 271.532915    6.49368     35.224     1.6841  34.466003  0.000e+00
     34.914     9.6068    31.6445    24.3966 1.0989e-01      1.978    1484.90     26.298     2.4459 271.532916    6.51090     35.249     1.7147  34.464981  0.000e+00
     34.925     9.4915    31.7455    24.4939 9.7680e-02      1.956    1484.60     26.226     2.4437 271.532916    6.52347     35.260     1.7147  34.464198  0.000e+00
     34.950     9.4394    31.7902    24.5371 9.7680e-02      1.949    1484.46     26.223     2.4456 271.532917    6.52920     35.285     1.7147  34.462735  0.000e+00
     34.974     9.4228    31.8025    24.5493 1.0989e-01      1.934    1484.42     26.224     2.4464 271.532917    6.53112     35.310     1.6841  34.460410  0.000e+00
     34.998     9.4220    31.8014    24.5486 1.0989e-01      1.919    1484.41     26.155     2.4400 271.532918    6.53129     35.334     1.6841  34.458574  0.000e+00
     35.010     9.4163    31.8060    24.5531 9.7680e-02      1.919    1484.40     26.156     2.4403 271.532918    6.53192     35.346     1.7147  34.458146  0.000e+00
     35.034     9.4056    31.8157    24.5624 9.7680e-02      1.934    1484.37     26.151     2.4403 271.532919    6.53307     35.370     1.6841  34.458454  0.000e+00
     35.045     9.3896    31.8296    24.5757 9.7680e-02      1.949    1484.33     26.151     2.4410 271.532919    6.53484     35.382     1.6841  34.458027  0.000e+00
     35.081     9.3706    31.8465    24.5919 9.7680e-02      1.941    1484.28     26.081     2.4351 271.532920    6.53691     35.418     1.6841  34.458091  0.000e+00
     35.118     9.3640    31.8521    24.5974 9.7680e-02      1.919    1484.26     26.081     2.4354 271.532920    6.53764     35.455     1.6841  34.457908  0.000e+00
     35.118     9.3711    31.8453    24.5909 9.7680e-02      1.905    1484.28     26.075     2.4346 271.532921    6.53688     35.455     1.6841  34.457417  0.000e+00
     35.141     9.3873    31.8303    24.5766 9.7680e-02      1.897    1484.32     26.074     2.4338 271.532921    6.53514     35.478     1.6841  34.456804  0.000e+00
     35.178     9.3969    31.8223    24.5689 9.7680e-02      1.883    1484.35     26.002     2.4267 271.532921    6.53408     35.516     1.6536  34.457353  0.000e+00
     35.190     9.4079    31.8125    24.5595 9.7680e-02      1.875    1484.38     25.990     2.4252 271.532922    6.53288     35.527     1.6536  34.457291  0.000e+00
     35.214     9.4220    31.7999    24.5474 9.7680e-02      1.861    1484.41     25.983     2.4240 271.532922    6.53135     35.552     1.6841  34.457228  0.000e+00
     35.238     9.4356    31.7883    24.5362 9.7680e-02      1.853    1484.45     25.905     2.4161 271.532923    6.52984     35.577     1.6536  34.457717  0.000e+00
     35.274     9.4600    31.7673    24.5159 9.7680e-02      1.853    1484.51     25.897     2.4145 271.532923    6.52715     35.613     1.6536  34.458387  0.000e+00
     35.285     9.4469    31.7823    24.5297 9.7680e-02      1.861    1484.48     25.894     2.4147 271.532924    6.52843     35.624     1.6536  34.461694  0.000e+00
     35.310     9.4016    31.8261    24.5711 9.7680e-02      1.861    1484.37     25.811     2.4086 271.532924    6.53323     35.649     1.6536  34.465189  0.000e+00
     35.346     9.3694    31.8566    24.6000 1.0989e-01      1.875    1484.29     25.798     2.4086 271.532925    6.53667     35.685     1.6536  34.466968  0.000e+00
     35.357     9.3458    31.8774    24.6200 1.0989e-01      1.927    1484.23     25.789     2.4088 271.532925    6.53925     35.696     1.6536  34.466787  0.000e+00
     35.381     9.3277    31.8938    24.6357 9.7680e-02      1.978    1484.18     25.786     2.4092 271.532926    6.54122     35.721     1.6841  34.467034  0.000e+00
     35.406     9.3159    31.9047    24.6461 9.7680e-02      1.971    1484.15     25.788     2.4098 271.532926    6.54249     35.745     1.6841  34.467464  0.000e+00
     35.430     9.3244    31.8960    24.6379 9.7680e-02      1.956    1484.17     25.709     2.4021 271.532927    6.54160     35.770     1.6841  34.466422  0.000e+00
     35.454     9.3598    31.8619    24.6057 9.7680e-02      1.941    1484.26     25.701     2.4000 271.532927    6.53785     35.795     1.6536  34.463908  0.000e+00
     35.477     9.4006    31.8239    24.5695 9.7680e-02      1.963    1484.37     25.697     2.3981 271.532928    6.53347     35.817     1.6536  34.462190  0.000e+00
     35.501     9.4051    31.8210    24.5666 9.7680e-02      1.985    1484.38     25.623     2.3910 271.532928    6.53293     35.842     1.6536  34.463352  0.000e+00
     35.514     9.3898    31.8368    24.5814 1.0989e-01      1.978    1484.34     25.610     2.3903 271.532929    6.53451     35.855     1.6841  34.465497  0.000e+00
     35.537     9.3752    31.8504    24.5942 1.0989e-01      1.956    1484.31     25.526     2.3830 271.532929    6.53608     35.878     1.6841  34.466049  0.000e+00
     35.561     9.3690    31.8555    24.5992 9.7680e-02      1.934    1484.29     25.513     2.3821 271.532930    6.53677     35.903     1.6841  34.465683  0.000e+00
     35.586     9.3727    31.8519    24.5958 9.7680e-02      1.934    1484.30     25.505     2.3812 271.532930    6.53637     35.927     1.6536  34.465438  0.000e+00
     35.597     9.3818    31.8442    24.5884 9.7680e-02      1.934    1484.33     25.503     2.3806 271.532931    6.53536     35.939     1.6841  34.465865  0.000e+00
