Cruise data/ship_ctd/R2_280923_tokt2.cnv
* Sea-Bird SBE 9 Data File:
* FileName = C:\CTD Brukere\UiO Kurs\Geo2320 2023\R2_280923_tokt2.hex
* Software Version Seasave V 7.26.7.121
* Temperature SN = 5352
* Conductivity SN = 3840
* Number of Bytes Per Scan = 31
* Number of Voltage Words = 5
* Number of Scans Averaged by the Deck Unit = 1
* NMEA baud rate = 4800
** Ship: R/V Trygve Braarud
** Cruise:
** Station:
** Operator:
# nquan = 15
# nvalues = 2339                                  
# units = specified
# name 0 = depSM: Depth [salt water, m], lat = 59.90
# name 1 = t090C: Temperature [ITS-90, deg C]
# name 2 = sal00: Salinity, Practical [PSU]
# name 3 = sigma-t00: Density [sigma-t, kg/m^3 ]
# name 4 = flSP: Fluorescence, Seapoint
# name 5 = seaTurbMtr: Turbidity, Seapoint [FTU]
# name 6 = svCM: Sound Velocity [Chen-Millero, m/s]
# name 7 = sbeox0PS: Oxygen, SBE 43 [% saturation]
# name 8 = sbeox0Mg/L: Oxygen, SBE 43 [mg/l]
# name 9 = timeJ: Julian Days
# name 10 = oxsatML/L: Oxygen Saturation, Weiss [ml/l]
# name 11 = prDM: Pressure, Digiquartz [db]
# name 12 = wetStar: Fluorescence, WET Labs WETstar [mg/m^3]
# name 13 = c0mS/cm: Conductivity [mS/cm]
# name 14 = flag:  0.000e+00
# span 0 =      0.737,     48.981                 
# span 1 =     8.4643,    15.6187                 
# span 2 =    14.4568,    32.9471                 
# span 3 =    10.1070,    25.5930                 
# span 4 = 8.5470e-02, 1.0110e+01                 
# span 5 =      1.795,      3.817                 
# span 6 =    1482.49,    1495.35                 
# span 7 =     23.889,     85.062                 
# span 8 =     2.2341,     7.7707                 
# span 9 = 271.532095, 271.533222                 
# span 10 =    6.05546,    6.62498                
# span 11 =      0.744,     49.452                
# span 12 =     1.3178,     5.4692                
# span 13 =  19.457440,  34.808907                
# span 14 = 0.0000e+00, 0.0000e+00                
# interval = seconds: 0.0416667
# start_time = Sep 28 2023 12:46:13 [System UTC, first data scan.]
# bad_flag = -9.990e-29
*END*
[from data line 1446]
     29.182    10.1990    31.0183    23.8121 1.0989e-01      2.088    1486.19     32.609     3.0057 271.532792    6.45153     29.461     1.8673  34.351536  0.000e+00
     29.206    10.2094    31.0046    23.7996 1.0989e-01      2.168    1486.21     32.605     3.0049 271.532793    6.45062     29.486     1.8673  34.346706  0.000e+00
     29.213    10.2064    31.0012    23.7975 1.2210e-01      2.154    1486.20     32.535     2.9987 271.532793    6.45118     29.493     1.8673  34.340776  0.000e+00
     29.253    10.1987    31.0092    23.8050 1.0989e-01      2.132    1486.18     32.530     2.9986 271.532794    6.45195     29.534     1.8368  34.342183  0.000e+00
     29.253    10.2097    31.0201    23.8117 1.0989e-01      2.095    1486.24     32.460     2.9913 271.532794    6.44993     29.534     1.8368  34.362480  0.000e+00
     29.297    10.2757    30.9859    23.7742 1.0989e-01      2.044    1486.43     32.459     2.9875 271.532795    6.44195     29.578     1.8673  34.384671  0.000e+00
     29.302    10.3061    30.9622    23.7507 1.0989e-01      1.993    1486.51     32.390     2.9797 271.532795    6.43859     29.583     1.8673  34.386930  0.000e+00
     29.325    10.3021    30.9454    23.7382 1.0989e-01      1.949    1486.48     32.395     2.9807 271.532796    6.43985     29.606     1.8673  34.366627  0.000e+00
     29.357    10.2407    30.9604    23.7601 1.0989e-01      1.949    1486.28     32.323     2.9778 271.532796    6.44796     29.638     1.8673  34.329404  0.000e+00
     29.385    10.1799    30.9844    23.7888 1.0989e-01      1.949    1486.09     32.326     2.9816 271.532797    6.45565     29.666     1.8368  34.301421  0.000e+00
     29.398    10.1339    31.0135    23.8190 1.0989e-01      1.941    1485.96     32.330     2.9843 271.532797    6.46101     29.679     1.8368  34.291284  0.000e+00
     29.428    10.1056    31.0384    23.8430 1.0989e-01      1.919    1485.88     32.269     2.9801 271.532798    6.46404     29.710     1.8368  34.291959  0.000e+00
     29.445    10.0862    31.0567    23.8605 1.0989e-01      1.919    1485.84     32.199     2.9745 271.532798    6.46607     29.727     1.8368  34.293611  0.000e+00
     29.458    10.0674    31.0741    23.8771 1.0989e-01      1.934    1485.79     32.204     2.9759 271.532799    6.46804     29.740     1.8368  34.294896  0.000e+00
     29.488    10.0578    31.0840    23.8864 1.0989e-01      1.993    1485.77     32.135     2.9700 271.532799    6.46900     29.771     1.8673  34.296608  0.000e+00
     29.518    10.0519    31.0909    23.8928 1.0989e-01      2.022    1485.75     32.067     2.9639 271.532799    6.46957     29.800     1.8368  34.298381  0.000e+00
     29.529    10.0442    31.0988    23.9002 1.0989e-01      2.000    1485.74     32.064     2.9640 271.532800    6.47035     29.812     1.8368  34.299604  0.000e+00
     29.561    10.0380    31.1051    23.9061 1.0989e-01      1.971    1485.72     31.996     2.9580 271.532800    6.47098     29.845     1.8368  34.300582  0.000e+00
     29.589    10.0357    31.1090    23.9095 1.0989e-01      1.941    1485.72     31.994     2.9579 271.532801    6.47115     29.873     1.8368  34.302538  0.000e+00
     29.600    10.0405    31.1084    23.9083 1.0989e-01      1.927    1485.74     31.927     2.9514 271.532801    6.47049     29.884     1.8368  34.306081  0.000e+00
     29.625    10.0476    31.1061    23.9053 1.0989e-01      1.919    1485.76     31.927     2.9509 271.532802    6.46957     29.909     1.8368  34.309808  0.000e+00
     29.644    10.0543    31.1051    23.9035 1.0989e-01      1.912    1485.78     31.861     2.9445 271.532802    6.46865     29.928     1.8368  34.314574  0.000e+00
     29.660    10.0692    31.0958    23.8938 9.7680e-02      1.912    1485.83     31.787     2.9368 271.532803    6.46689     29.945     1.8368  34.318117  0.000e+00
     29.685    10.0700    31.0961    23.8939 1.0989e-01      1.905    1485.83     31.777     2.9359 271.532803    6.46676     29.969     1.8368  34.319156  0.000e+00
     29.717    10.0818    31.0962    23.8920 1.0989e-01      1.897    1485.87     31.704     2.9283 271.532804    6.46508     30.002     1.8062  34.329239  0.000e+00
     29.733    10.1411    31.0665    23.8591 1.0989e-01      1.883    1486.05     31.698     2.9246 271.532804    6.45782     30.018     1.8062  34.350383  0.000e+00
     29.756    10.2310    31.0199    23.8081 1.0989e-01      1.875    1486.32     31.629     2.9133 271.532805    6.44691     30.041     1.8368  34.380702  0.000e+00
     29.769    10.3164    30.9737    23.7579 1.0989e-01      1.883    1486.57     31.625     2.9084 271.532805    6.43666     30.054     1.8368  34.407422  0.000e+00
     29.801    10.3801    30.9262    23.7103 1.0989e-01      1.890    1486.74     31.556     2.8989 271.532806    6.42958     30.087     1.8368  34.414083  0.000e+00
     29.816    10.3738    30.9228    23.7087 1.0989e-01      1.897    1486.72     31.474     2.8919 271.532806    6.43061     30.102     1.8062  34.405336  0.000e+00
     29.853    10.3447    30.9408    23.7275 1.0989e-01      1.897    1486.64     31.382     2.8849 271.532807    6.43399     30.139     1.8062  34.398610  0.000e+00
     29.860    10.3316    30.9522    23.7386 1.0989e-01      1.890    1486.60     31.366     2.8841 271.532807    6.43538     30.146     1.8368  34.398856  0.000e+00
     29.889    10.3487    30.9435    23.7290 1.2210e-01      1.890    1486.65     31.362     2.8828 271.532808    6.43332     30.176     1.8368  34.404666  0.000e+00
     29.913    10.3844    30.9181    23.7033 1.2210e-01      1.890    1486.75     31.285     2.8739 271.532808    6.42930     30.200     1.8368  34.409739  0.000e+00
     29.936    10.4039    30.9042    23.6892 1.2210e-01      1.875    1486.81     31.207     2.8658 271.532809    6.42710     30.223     1.8673  34.412429  0.000e+00
     29.957    10.4199    30.8977    23.6815 1.0989e-01      1.853    1486.86     31.206     2.8648 271.532809    6.42510     30.244     1.8673  34.419524  0.000e+00
     29.972    10.4536    30.8669    23.6519 1.0989e-01      1.853    1486.94     31.131     2.8564 271.532810    6.42160     30.259     1.8673  34.417257  0.000e+00
     29.996    10.4209    30.8654    23.6561 1.0989e-01      1.861    1486.82     31.044     2.8505 271.532810    6.42627     30.284     1.8673  34.387959  0.000e+00
     30.032    10.3222    30.9215    23.7163 1.0989e-01      1.853    1486.53     31.029     2.8542 271.532811    6.43797     30.320     1.8673  34.360207  0.000e+00
     30.040    10.2450    30.9683    23.7655 1.0989e-01      1.846    1486.31     30.952     2.8510 271.532811    6.44703     30.328     1.8978  34.341141  0.000e+00
     30.080    10.1850    31.0051    23.8041 1.0989e-01      1.846    1486.14     30.941     2.8531 271.532812    6.45406     30.369     1.8673  34.326845  0.000e+00
     30.092    10.1440    31.0237    23.8253 1.0989e-01      1.853    1486.02     30.858     2.8477 271.532812    6.45915     30.380     1.8978  34.310410  0.000e+00
     30.116    10.0984    31.0420    23.8470 1.0989e-01      1.868    1485.87     30.776     2.8426 271.532812    6.46493     30.405     1.8978  34.289641  0.000e+00
     30.149    10.0503    31.0611    23.8698 1.0989e-01      1.890    1485.72     30.770     2.8446 271.532813    6.47102     30.438     1.8673  34.267716  0.000e+00
     30.152     9.9973    31.0930    23.9033 1.0989e-01      1.897    1485.57     30.689     2.8399 271.532813    6.47731     30.441     1.8673  34.254102  0.000e+00
     30.188     9.9621    31.1243    23.9334 1.0989e-01      1.883    1485.48     30.612     2.8344 271.532814    6.48107     30.477     1.8368  34.255144  0.000e+00
     30.225     9.9574    31.1402    23.9466 1.0989e-01      1.875    1485.48     30.603     2.8336 271.532814    6.48109     30.515     1.8368  34.266932  0.000e+00
     30.244     9.9874    31.1347    23.9374 9.7680e-02      1.868    1485.59     30.532     2.8253 271.532815    6.47701     30.534     1.8368  34.287087  0.000e+00
     30.261    10.0266    31.1168    23.9171 9.7680e-02      1.875    1485.71     30.529     2.8229 271.532815    6.47213     30.551     1.8368  34.302785  0.000e+00
     30.296    10.0315    31.1272    23.9244 9.7680e-02      1.890    1485.74     30.451     2.8151 271.532816    6.47100     30.587     1.8062  34.317329  0.000e+00
     30.308    10.0118    31.1570    23.9509 9.7680e-02      1.905    1485.70     30.372     2.8085 271.532816    6.47259     30.598     1.7757  34.330166  0.000e+00
     30.329     9.9995    31.1750    23.9669 1.0989e-01      1.905    1485.68     30.360     2.8079 271.532817    6.47363     30.619     1.7757  34.337441  0.000e+00
     30.356     9.9976    31.1869    23.9764 1.0989e-01      1.897    1485.69     30.286     2.8009 271.532817    6.47340     30.647     1.7757  34.347650  0.000e+00
     30.381    10.0011    31.2006    23.9866 1.0989e-01      1.905    1485.72     30.279     2.7998 271.532818    6.47235     30.672     1.7757  34.364219  0.000e+00
     30.403    10.0126    31.2046    23.9878 9.7680e-02      1.912    1485.76     30.208     2.7925 271.532818    6.47052     30.695     1.7757  34.378160  0.000e+00
     30.416    10.0295    31.2019    23.9830 1.0989e-01      1.919    1485.82     30.131     2.7843 271.532819    6.46822     30.708     1.7757  34.389901  0.000e+00
     30.449    10.0725    31.1750    23.9550 1.0989e-01      1.919    1485.95     30.131     2.7822 271.532819    6.46317     30.741     1.7757  34.399988  0.000e+00
     30.476    10.0931    31.1656    23.9442 1.0989e-01      1.897    1486.01     30.057     2.7743 271.532820    6.46061     30.768     1.7757  34.408306  0.000e+00
     30.488    10.0880    31.1745    23.9520 1.0989e-01      1.875    1486.00     29.983     2.7677 271.532820    6.46098     30.780     1.7757  34.412772  0.000e+00
     30.523    10.0720    31.1898    23.9666 1.0989e-01      1.861    1485.96     29.911     2.7617 271.532821    6.46263     30.816     1.7452  34.414365  0.000e+00
     30.548    10.0681    31.1932    23.9699 9.7680e-02      1.861    1485.95     29.907     2.7615 271.532821    6.46306     30.840     1.7452  34.414365  0.000e+00
     30.556    10.0787    31.1839    23.9609 9.7680e-02      1.868    1485.98     29.832     2.7541 271.532822    6.46192     30.849     1.7452  34.414242  0.000e+00
     30.583    10.0999    31.1654    23.9430 1.0989e-01      1.875    1486.04     29.759     2.7464 271.532822    6.45965     30.877     1.7452  34.413995  0.000e+00
     30.608    10.1333    31.1359    23.9145 1.0989e-01      1.883    1486.12     29.755     2.7446 271.532823    6.45608     30.901     1.7452  34.413257  0.000e+00
     30.632    10.1717    31.1022    23.8819 1.0989e-01      1.890    1486.22     29.679     2.7358 271.532823    6.45199     30.926     1.7452  34.412519  0.000e+00
     30.643    10.2091    31.0665    23.8479 1.0989e-01      1.919    1486.31     29.680     2.7343 271.532824    6.44813     30.937     1.7147  34.408844  0.000e+00
     30.676    10.2508    31.0301    23.8127 1.0989e-01      1.919    1486.42     29.608     2.7259 271.532824    6.44368     30.970     1.7452  34.408166  0.000e+00
     30.692    10.2625    31.0382    23.8171 1.0989e-01      1.919    1486.47     29.537     2.7185 271.532825    6.44168     30.986     1.7452  34.426336  0.000e+00
     30.716    10.2006    31.1210    23.8918 1.0989e-01      1.927    1486.35     29.528     2.7199 271.532825    6.44710     31.011     1.7452  34.456086  0.000e+00
     30.739    10.1527    31.1744    23.9413 1.0989e-01      1.927    1486.24     29.457     2.7152 271.532826    6.45175     31.034     1.7452  34.468211  0.000e+00
     30.763    10.1401    31.1812    23.9487 9.7680e-02      1.912    1486.20     29.382     2.7089 271.532826    6.45326     31.058     1.7452  34.464295  0.000e+00
     30.784    10.1401    31.1759    23.9446 9.7680e-02      1.912    1486.20     29.374     2.7084 271.532826    6.45348     31.080     1.7147  34.458970  0.000e+00
     30.799    10.1327    31.1837    23.9519 9.7680e-02      1.912    1486.18     29.304     2.7022 271.532827    6.45422     31.094     1.7452  34.460378  0.000e+00
     30.836    10.1192    31.1972    23.9646 9.7680e-02      1.912    1486.15     29.226     2.6955 271.532827    6.45558     31.132     1.7452  34.462339  0.000e+00
     30.848    10.1171    31.1973    23.9650 1.0989e-01      1.927    1486.14     29.226     2.6957 271.532828    6.45588     31.143     1.7452  34.460625  0.000e+00
     30.883    10.1181    31.1968    23.9645 1.0989e-01      1.934    1486.15     29.155     2.6890 271.532828    6.45576     31.180     1.7452  34.460931  0.000e+00
     30.895    10.1246    31.1957    23.9626 1.0989e-01      1.949    1486.17     29.086     2.6823 271.532829    6.45488     31.191     1.7452  34.465460  0.000e+00
     30.916    10.1197    31.2091    23.9738 9.7680e-02      1.963    1486.17     29.010     2.6754 271.532829    6.45503     31.212     1.7452  34.474582  0.000e+00
     30.943    10.1066    31.2272    23.9901 1.0989e-01      1.956    1486.14     29.001     2.6750 271.532830    6.45616     31.240     1.7452  34.481380  0.000e+00
     30.955    10.0928    31.2416    24.0035 9.7680e-02      1.949    1486.11     28.920     2.6681 271.532830    6.45753     31.252     1.7452  34.483892  0.000e+00
     31.004    10.0824    31.2512    24.0127 9.7680e-02      1.927    1486.08     28.917     2.6682 271.532831    6.45863     31.301     1.7147  34.484505  0.000e+00
     31.004    10.0721    31.2609    24.0220 9.7680e-02      1.912    1486.06     28.851     2.6626 271.532831    6.45970     31.301     1.7452  34.485302  0.000e+00
     31.039    10.0594    31.2721    24.0328 9.7680e-02      1.912    1486.03     28.778     2.6564 271.532832    6.46105     31.337     1.7452  34.485549  0.000e+00
     31.060    10.0561    31.2740    24.0349 9.7680e-02      1.927    1486.02     28.774     2.6562 271.532832    6.46146     31.358     1.7452  34.484631  0.000e+00
     31.075    10.0560    31.2740    24.0349 1.0989e-01      1.934    1486.02     28.707     2.6501 271.532833    6.46147     31.373     1.7452  34.484508  0.000e+00
     31.099    10.0489    31.2800    24.0407 1.0989e-01      1.956    1486.00     28.634     2.6436 271.532833    6.46224     31.397     1.7147  34.484387  0.000e+00
     31.111    10.0374    31.2891    24.0497 1.0989e-01      1.963    1485.97     28.553     2.6366 271.532834    6.46351     31.409     1.7452  34.483592  0.000e+00
     31.148    10.0255    31.2971    24.0578 9.7680e-02      1.949    1485.94     28.550     2.6369 271.532834    6.46489     31.447     1.7452  34.481267  0.000e+00
     31.171    10.0204    31.2964    24.0581 9.7680e-02      1.934    1485.92     28.476     2.6304 271.532835    6.46563     31.469     1.7452  34.476309  0.000e+00
     31.145    10.0160    31.2935    24.0566 9.7680e-02      1.919    1485.90     28.405     2.6241 271.532835    6.46639     31.443     1.7452  34.469575  0.000e+00
     31.244    10.0097    31.2931    24.0573 9.7680e-02      1.919    1485.88     28.402     2.6242 271.532836    6.46731     31.543     1.7757  34.463821  0.000e+00
     31.231    10.0034    31.2948    24.0596 9.7680e-02      1.941    1485.85     28.327     2.6176 271.532836    6.46814     31.530     1.7757  34.460088  0.000e+00
     31.255    10.0040    31.2909    24.0565 9.7680e-02      1.949    1485.85     28.256     2.6111 271.532837    6.46821     31.555     1.7452  34.456783  0.000e+00
     31.268    10.0074    31.2845    24.0510 9.7680e-02      1.963    1485.86     28.179     2.6039 271.532837    6.46799     31.568     1.7452  34.453355  0.000e+00
     31.291    10.0118    31.2782    24.0453 9.7680e-02      1.941    1485.87     28.170     2.6029 271.532838    6.46762     31.591     1.7757  34.450845  0.000e+00
     31.328    10.0095    31.2776    24.0453 9.7680e-02      1.919    1485.86     28.099     2.5965 271.532838    6.46797     31.628     1.7757  34.448336  0.000e+00
