Cruise data/ship_ctd/R2_280923_tokt2.cnv
* Sea-Bird SBE 9 Data File:
* FileName = C:\CTD Brukere\UiO Kurs\Geo2320 2023\R2_280923_tokt2.hex
* Software Version Seasave V 7.26.7.121
* Temperature SN = 5352
* Conductivity SN = 3840
* Number of Bytes Per Scan = 31
* Number of Voltage Words = 5
* Number of Scans Averaged by the Deck Unit = 1
* NMEA baud rate = 4800
** Ship: R/V Trygve Braarud
** Cruise:
** Station:
** Operator:
# nquan = 15
# nvalues = 2339                                  
# units = specified
# name 0 = depSM: Depth [salt water, m], lat = 59.90
# name 1 = t090C: Temperature [ITS-90, deg C]
# name 2 = sal00: Salinity, Practical [PSU]
# name 3 = sigma-t00: Density [sigma-t, kg/m^3 ]
# name 4 = flSP: Fluorescence, Seapoint
# name 5 = seaTurbMtr: Turbidity, Seapoint [FTU]
# name 6 = svCM: Sound Velocity [Chen-Millero, m/s]
# name 7 = sbeox0PS: Oxygen, SBE 43 [% saturation]
# name 8 = sbeox0Mg/L: Oxygen, SBE 43 [mg/l]
# name 9 = timeJ: Julian Days
# name 10 = oxsatML/L: Oxygen Saturation, Weiss [ml/l]
# name 11 = prDM: Pressure, Digiquartz [db]
# name 12 = wetStar: Fluorescence, WET Labs WETstar [mg/m^3]
# name 13 = c0mS/cm: Conductivity [mS/cm]
# name 14 = flag:  0.000e+00
# span 0 =      0.737,     48.981                 
# span 1 =     8.4643,    15.6187                 
# span 2 =    14.4568,    32.9471                 
# span 3 =    10.1070,    25.5930                 
# span 4 = 8.5470e-02, 1.0110e+01                 
# span 5 =      1.795,      3.817                 
# span 6 =    1482.49,    1495.35                 
# span 7 =     23.889,     85.062                 
# span 8 =     2.2341,     7.7707                 
# span 9 = 271.532095, 271.533222                 
# span 10 =    6.05546,    6.62498                
# span 11 =      0.744,     49.452                
# span 12 =     1.3178,     5.4692                
# span 13 =  19.457440,  34.808907                
# span 14 = 0.0000e+00, 0.0000e+00                
# interval = seconds: 0.0416667
# start_time = Sep 28 2023 12:46:13 [System UTC, first data scan.]
# bad_flag = -9.990e-29
*END*
[from data line 1928]
     39.941     8.8897    32.4386    25.1300 9.7680e-02      1.993    1483.31     25.256     2.3743 271.533025    6.58295     40.325     1.4399  34.613525  0.000e+00
     39.976     8.8944    32.4385    25.1292 9.7680e-02      1.985    1483.32     25.261     2.3745 271.533025    6.58225     40.361     1.4705  34.617633  0.000e+00
     39.989     8.8683    32.4725    25.1598 9.7680e-02      1.971    1483.27     25.267     2.3760 271.533026    6.58469     40.374     1.4399  34.627387  0.000e+00
     40.017     8.8426    32.5030    25.1877 9.7680e-02      1.971    1483.21     25.262     2.3764 271.533026    6.58722     40.402     1.4399  34.634075  0.000e+00
     40.050     8.8199    32.5272    25.2101 9.7680e-02      1.971    1483.16     25.266     2.3776 271.533027    6.58959     40.434     1.4399  34.637266  0.000e+00
     40.061     8.8011    32.5463    25.2279 9.7680e-02      1.985    1483.11     25.268     2.3785 271.533027    6.59158     40.446     1.4399  34.639047  0.000e+00
     40.085     8.7886    32.5587    25.2395 9.7680e-02      1.978    1483.08     25.270     2.3792 271.533028    6.59292     40.470     1.4399  34.639908  0.000e+00
     40.101     8.7810    32.5658    25.2463 9.7680e-02      1.956    1483.06     25.271     2.3795 271.533028    6.59374     40.487     1.4705  34.640092  0.000e+00
     40.134     8.7789    32.5672    25.2477 9.7680e-02      1.963    1483.06     25.270     2.3795 271.533029    6.59400     40.520     1.4705  34.639602  0.000e+00
     40.157     8.7826    32.5622    25.2432 9.7680e-02      1.993    1483.06     25.268     2.3792 271.533029    6.59366     40.543     1.4705  34.638068  0.000e+00
     40.170     8.7800    32.5648    25.2456 9.7680e-02      2.000    1483.06     25.266     2.3791 271.533030    6.59393     40.556     1.4705  34.638314  0.000e+00
     40.197     8.7762    32.5690    25.2495 9.7680e-02      1.993    1483.05     25.263     2.3790 271.533030    6.59432     40.584     1.4705  34.638989  0.000e+00
     40.217     8.7744    32.5711    25.2514 9.7680e-02      1.993    1483.04     25.259     2.3786 271.533030    6.59450     40.603     1.4705  34.639358  0.000e+00
     40.230     8.7749    32.5705    25.2508 9.7680e-02      1.971    1483.05     25.254     2.3781 271.533031    6.59445     40.616     1.4705  34.639235  0.000e+00
     40.265     8.7786    32.5660    25.2468 9.7680e-02      1.949    1483.05     25.248     2.3774 271.533031    6.59409     40.652     1.4705  34.638192  0.000e+00
     40.282     8.7857    32.5587    25.2400 9.7680e-02      1.919    1483.07     25.240     2.3765 271.533032    6.59335     40.669     1.5010  34.637455  0.000e+00
     40.301     8.7881    32.5556    25.2372 9.7680e-02      1.912    1483.08     25.233     2.3757 271.533032    6.59312     40.688     1.5010  34.636596  0.000e+00
     40.326     8.7978    32.5437    25.2264 9.7680e-02      1.934    1483.10     25.224     2.3745 271.533033    6.59218     40.713     1.4705  34.633713  0.000e+00
     40.361     8.8081    32.5328    25.2163 9.7680e-02      1.949    1483.13     25.214     2.3732 271.533033    6.59110     40.749     1.4705  34.632424  0.000e+00
     40.374     8.8055    32.5377    25.2205 9.7680e-02      1.978    1483.12     25.215     2.3734 271.533034    6.59128     40.762     1.4705  34.634877  0.000e+00
     40.389     8.7945    32.5514    25.2329 9.7680e-02      2.007    1483.10     25.205     2.3728 271.533034    6.59233     40.777     1.4705  34.638313  0.000e+00
     40.421     8.7842    32.5627    25.2433 9.7680e-02      2.015    1483.07     25.194     2.3721 271.533035    6.59339     40.810     1.4399  34.640093  0.000e+00
     40.433     8.7799    32.5675    25.2478 9.7680e-02      2.000    1483.06     25.268     2.3793 271.533035    6.59384     40.821     1.4705  34.640891  0.000e+00
     40.470     8.7760    32.5719    25.2518 9.7680e-02      1.985    1483.06     25.265     2.3792 271.533036    6.59422     40.859     1.4705  34.641750  0.000e+00
     40.498     8.7702    32.5782    25.2577 9.7680e-02      1.993    1483.04     25.272     2.3800 271.533036    6.59482     40.887     1.4705  34.642671  0.000e+00
     40.506     8.7649    32.5839    25.2629 1.0989e-01      2.000    1483.03     25.278     2.3808 271.533037    6.59538     40.895     1.4705  34.643408  0.000e+00
     40.530     8.7614    32.5878    25.2665 9.7680e-02      1.993    1483.02     25.283     2.3814 271.533037    6.59574     40.920     1.4705  34.644022  0.000e+00
     40.553     8.7589    32.5904    25.2689 9.7680e-02      2.000    1483.02     25.211     2.3747 271.533038    6.59599     40.943     1.4705  34.644390  0.000e+00
     40.590     8.7594    32.5870    25.2662 9.7680e-02      2.000    1483.01     25.280     2.3812 271.533038    6.59606     40.980     1.4705  34.641630  0.000e+00
     40.593     8.7995    32.5406    25.2237 9.7680e-02      1.985    1483.11     25.205     2.3727 271.533039    6.59205     40.984     1.4705  34.632487  0.000e+00
     40.626     8.8435    32.4918    25.1788 9.7680e-02      1.971    1483.21     25.270     2.3773 271.533039    6.58757     41.016     1.4399  34.624325  0.000e+00
     40.650     8.8630    32.4757    25.1631 9.7680e-02      1.963    1483.26     25.271     2.3765 271.533040    6.58535     41.041     1.4399  34.626040  0.000e+00
     40.662     8.8376    32.5076    25.1920 9.7680e-02      1.971    1483.21     25.272     2.3776 271.533040    6.58777     41.052     1.4705  34.634323  0.000e+00
     40.697     8.8049    32.5437    25.2253 9.7680e-02      1.971    1483.13     25.274     2.3789 271.533041    6.59112     41.088     1.4705  34.640153  0.000e+00
     40.702     8.7860    32.5634    25.2436 9.7680e-02      1.993    1483.09     25.274     2.3796 271.533041    6.59310     41.093     1.4705  34.642486  0.000e+00
     40.733     8.7733    32.5758    25.2553 1.0989e-01      2.007    1483.05     25.283     2.3809 271.533042    6.59447     41.125     1.4705  34.643162  0.000e+00
     40.746     8.7641    32.5846    25.2636 9.7680e-02      2.022    1483.03     25.281     2.3811 271.533042    6.59547     41.138     1.4399  34.643470  0.000e+00
     40.782     8.7654    32.5810    25.2605 9.7680e-02      2.007    1483.03     25.278     2.3807 271.533043    6.59543     41.174     1.4399  34.641139  0.000e+00
     40.793     8.7831    32.5590    25.2406 9.7680e-02      1.993    1483.07     25.272     2.3797 271.533043    6.59372     41.185     1.4705  34.635678  0.000e+00
     40.817     8.8155    32.5234    25.2078 9.7680e-02      1.985    1483.15     25.266     2.3779 271.533043    6.59039     41.210     1.4399  34.630155  0.000e+00
     40.845     8.8268    32.5119    25.1970 9.7680e-02      1.993    1483.18     25.270     2.3778 271.533044    6.58920     41.238     1.4399  34.629050  0.000e+00
     40.866     8.8263    32.5161    25.2004 9.7680e-02      1.993    1483.18     25.264     2.3772 271.533044    6.58909     41.259     1.4399  34.632669  0.000e+00
     40.889     8.8100    32.5359    25.2184 9.7680e-02      2.007    1483.15     25.333     2.3843 271.533045    6.59068     41.282     1.4399  34.637332  0.000e+00
     40.902     8.7905    32.5566    25.2376 8.5470e-02      2.000    1483.10     25.336     2.3853 271.533045    6.59272     41.295     1.4705  34.639971  0.000e+00
     40.938     8.7857    32.5595    25.2407 9.7680e-02      1.978    1483.08     25.271     2.3794 271.533046    6.59331     41.331     1.4705  34.638561  0.000e+00
     40.949     8.7987    32.5414    25.2245 1.0989e-01      1.963    1483.11     25.347     2.3861 271.533046    6.59213     41.343     1.4705  34.632733  0.000e+00
     40.990     8.8333    32.5013    25.1877 9.7680e-02      1.971    1483.19     25.355     2.3856 271.533047    6.58868     41.384     1.4705  34.624634  0.000e+00
     40.998     8.8739    32.4561    25.1461 9.7680e-02      1.978    1483.29     25.362     2.3848 271.533047    6.58456     41.392     1.4705  34.616965  0.000e+00
     41.022     8.9084    32.4211    25.1134 9.7680e-02      1.993    1483.37     25.368     2.3841 271.533048    6.58090     41.416     1.4705  34.613650  0.000e+00
     41.058     8.9115    32.4259    25.1167 9.7680e-02      1.993    1483.39     25.375     2.3845 271.533048    6.58025     41.452     1.4705  34.620946  0.000e+00
     41.069     8.8594    32.4859    25.1717 9.7680e-02      2.000    1483.27     25.384     2.3872 271.533049    6.58545     41.464     1.4399  34.632911  0.000e+00
     41.093     8.8167    32.5325    25.2148 9.7680e-02      2.037    1483.17     25.392     2.3895 271.533049    6.58984     41.488     1.4705  34.640030  0.000e+00
     41.085     8.7936    32.5563    25.2369 9.7680e-02      2.073    1483.11     25.398     2.3910 271.533050    6.59227     41.480     1.4705  34.642486  0.000e+00
     41.167     8.7794    32.5700    25.2498 9.7680e-02      2.073    1483.08     25.403     2.3920 271.533050    6.59380     41.562     1.4705  34.643163  0.000e+00
     41.178     8.7676    32.5814    25.2605 9.7680e-02      2.088    1483.05     25.407     2.3928 271.533051    6.59507     41.574     1.4705  34.643716  0.000e+00
     41.189     8.7596    32.5892    25.2678 9.7680e-02      2.073    1483.03     25.409     2.3933 271.533051    6.59595     41.585     1.4705  34.644085  0.000e+00
     41.214     8.7549    32.5935    25.2720 9.7680e-02      2.059    1483.02     25.411     2.3937 271.533052    6.59646     41.610     1.4705  34.644147  0.000e+00
     41.238     8.7514    32.5968    25.2750 9.7680e-02      2.029    1483.01     25.412     2.3939 271.533052    6.59685     41.634     1.4705  34.644148  0.000e+00
     41.262     8.7497    32.5983    25.2765 9.7680e-02      1.993    1483.00     25.411     2.3939 271.533053    6.59702     41.659     1.4399  34.644209  0.000e+00
     41.274     8.7579    32.5875    25.2668 9.7680e-02      1.978    1483.02     25.485     2.4006 271.533053    6.59626     41.670     1.4399  34.641080  0.000e+00
     41.326     8.7852    32.5552    25.2373 9.7680e-02      1.985    1483.08     25.491     2.4002 271.533054    6.59356     41.723     1.4399  34.634208  0.000e+00
     41.334     8.8260    32.5116    25.1969 9.7680e-02      1.993    1483.18     25.495     2.3991 271.533054    6.58934     41.731     1.4705  34.628255  0.000e+00
     41.358     8.8447    32.4957    25.1816 9.7680e-02      1.985    1483.23     25.424     2.3916 271.533055    6.58722     41.756     1.4399  34.629540  0.000e+00
     41.383     8.8347    32.5097    25.1941 9.7680e-02      1.971    1483.21     25.494     2.3985 271.533055    6.58812     41.780     1.4399  34.634141  0.000e+00
     41.407     8.8207    32.5268    25.2096 9.7680e-02      1.956    1483.18     25.498     2.3994 271.533056    6.58948     41.805     1.4705  34.638191  0.000e+00
     41.430     8.7992    32.5502    25.2312 9.7680e-02      1.963    1483.13     25.501     2.4005 271.533056    6.59169     41.828     1.4399  34.641751  0.000e+00
     41.454     8.7782    32.5718    25.2513 9.7680e-02      1.956    1483.08     25.503     2.4014 271.533057    6.59390     41.852     1.4399  34.643961  0.000e+00
     41.465     8.7647    32.5850    25.2638 9.7680e-02      1.941    1483.05     25.503     2.4019 271.533057    6.59536     41.864     1.4399  34.644699  0.000e+00
     41.483     8.7604    32.5883    25.2670 9.7680e-02      1.934    1483.03     25.501     2.4019 271.533057    6.59586     41.882     1.4705  34.644086  0.000e+00
     41.538     8.7602    32.5880    25.2668 9.7680e-02      1.941    1483.03     25.498     2.4017 271.533058    6.59590     41.938     1.4705  34.643657  0.000e+00
     41.550     8.7594    32.5888    25.2676 9.7680e-02      1.956    1483.03     25.493     2.4012 271.533058    6.59598     41.949     1.4705  34.643780  0.000e+00
     41.574     8.7607    32.5867    25.2658 9.7680e-02      1.949    1483.04     25.498     2.4017 271.533059    6.59588     41.974     1.4705  34.642921  0.000e+00
     41.585     8.7686    32.5777    25.2575 9.7680e-02      1.941    1483.05     25.501     2.4017 271.533059    6.59508     41.985     1.4399  34.641203  0.000e+00
     41.623     8.7907    32.5547    25.2361 9.7680e-02      1.956    1483.11     25.503     2.4010 271.533060    6.59277     42.023     1.4399  34.638624  0.000e+00
     41.634     8.8144    32.5307    25.2136 9.7680e-02      2.022    1483.17     25.504     2.4002 271.533060    6.59026     42.034     1.4399  34.636475  0.000e+00
     41.659     8.8273    32.5201    25.2034 9.7680e-02      2.059    1483.20     25.504     2.3997 271.533061    6.58878     42.059     1.4399  34.637700  0.000e+00
     41.694     8.8094    32.5405    25.2221 9.7680e-02      2.059    1483.16     25.571     2.4067 271.533061    6.59058     42.095     1.4399  34.641505  0.000e+00
     41.694     8.7881    32.5629    25.2429 9.7680e-02      2.029    1483.11     25.581     2.4084 271.533062    6.59281     42.095     1.4399  34.644268  0.000e+00
     41.743     8.7871    32.5638    25.2438 9.7680e-02      2.007    1483.11     25.578     2.4082 271.533062    6.59291     42.144     1.4399  34.644329  0.000e+00
     41.759     8.7884    32.5629    25.2429 9.7680e-02      2.000    1483.11     25.584     2.4087 271.533063    6.59276     42.161     1.4705  34.644575  0.000e+00
     41.779     8.7833    32.5688    25.2483 9.7680e-02      2.007    1483.10     25.589     2.4093 271.533063    6.59327     42.180     1.4399  34.645741  0.000e+00
     41.803     8.7691    32.5830    25.2615 1.0989e-01      2.000    1483.07     25.594     2.4103 271.533064    6.59479     42.205     1.4705  34.646785  0.000e+00
     41.826     8.7572    32.5949    25.2727 1.0989e-01      2.015    1483.04     25.597     2.4110 271.533064    6.59606     42.228     1.4399  34.647707  0.000e+00
     41.850     8.7489    32.6032    25.2804 9.7680e-02      2.029    1483.02     25.598     2.4115 271.533065    6.59695     42.252     1.4399  34.648321  0.000e+00
     41.874     8.7438    32.6078    25.2849 9.7680e-02      2.007    1483.00     25.598     2.4117 271.533065    6.59751     42.277     1.4705  34.648322  0.000e+00
     41.899     8.7418    32.6095    25.2865 9.7680e-02      1.971    1483.00     25.597     2.4116 271.533066    6.59773     42.302     1.4705  34.648261  0.000e+00
     41.923     8.7420    32.6094    25.2864 9.7680e-02      1.949    1483.00     25.594     2.4113 271.533066    6.59771     42.326     1.4705  34.648261  0.000e+00
     41.946     8.7428    32.6088    25.2858 9.7680e-02      1.934    1483.00     25.589     2.4109 271.533067    6.59761     42.349     1.4705  34.648445  0.000e+00
     41.959     8.7427    32.6093    25.2862 9.7680e-02      1.927    1483.00     25.660     2.4175 271.533067    6.59761     42.362     1.4705  34.648813  0.000e+00
     41.995     8.7399    32.6124    25.2891 9.7680e-02      1.919    1483.00     25.663     2.4179 271.533068    6.59789     42.398     1.4705  34.649365  0.000e+00
     42.019     8.7398    32.6125    25.2891 9.7680e-02      1.934    1483.00     25.664     2.4180 271.533068    6.59791     42.423     1.4705  34.649304  0.000e+00
     42.030     8.7443    32.6079    25.2848 9.7680e-02      1.949    1483.01     25.674     2.4188 271.533069    6.59744     42.434     1.4399  34.648874  0.000e+00
     42.055     8.7500    32.6023    25.2796 9.7680e-02      1.963    1483.02     25.683     2.4194 271.533069    6.59682     42.459     1.4399  34.648628  0.000e+00
     42.090     8.7555    32.5964    25.2741 9.7680e-02      1.971    1483.04     25.680     2.4189 271.533070    6.59624     42.495     1.4399  34.647831  0.000e+00
     42.103     8.7599    32.5922    25.2702 9.7680e-02      1.963    1483.05     25.685     2.4193 271.533070    6.59577     42.508     1.4399  34.647646  0.000e+00
     42.131     8.7605    32.5930    25.2707 9.7680e-02      1.956    1483.05     25.690     2.4197 271.533071    6.59564     42.536     1.4399  34.648996  0.000e+00
